# dt ->	0.0025 seconds;	Number of samples ->	2000
# Time(s)	Amplitude
0	13.2858
0.0025	-4.00245
0.005	10.2198
0.0075	-1.31153
0.01	11.1068
0.0125	-1.13712
0.015	-11.8328
0.0175	0.459823
0.02	-0.423998
0.0225	-7.24378
0.025	19.2104
0.0275	-11.8621
0.03	-1.1222
0.0325	-19.3428
0.035	-14.2559
0.0375	-19.3889
0.04	11.063
0.0425	-8.33511
0.045	6.47302
0.0475	-6.32215
0.05	28.411
0.0525	-15.9493
0.055	15.3207
0.0575	-5.64559
0.06	-2.64948
0.0625	-7.57015
0.065	-0.861241
0.0675	25.4422
0.07	-4.76109
0.0725	26.0844
0.075	0.772122
0.0775	-5.68302
0.08	21.0189
0.0825	1.65547
0.085	18.7126
0.0875	15.7997
0.09	0.0464264
0.0925	-2.50322
0.095	-5.14555
0.0975	-1.506
0.1	-15.4319
0.1025	0.0964664
0.105	1.53213
0.1075	-1.09463
0.11	-19.4375
0.1125	23.5835
0.115	-2.85404
0.1175	-3.6848
0.12	-16.2271
0.1225	-15.7646
0.125	-27.4386
0.1275	18.2752
0.13	8.02542
0.1325	3.02698
0.135	1.67706
0.1375	-13.6013
0.14	-7.10979
0.1425	-10.8756
0.145	-34.1373
0.1475	-16.654
0.15	-17.5383
0.1525	-1.92096
0.155	25.1848
0.1575	-7.69403
0.16	-30.6046
0.1625	-3.04421
0.165	23.8365
0.1675	-11.637
0.17	3.8824
0.1725	-6.14437
0.175	-10.2255
0.1775	-3.35822
0.18	-3.47372
0.1825	-3.15173
0.185	11.1977
0.1875	6.43778
0.19	-0.558243
0.1925	16.8626
0.195	4.95614
0.1975	-9.21574
0.2	12.403
0.2025	20.281
0.205	12.8368
0.2075	-12.8142
0.21	3.84084
0.2125	-10.3944
0.215	-8.05338
0.2175	-15.8116
0.22	12.5871
0.2225	2.24374
0.225	-19.0413
0.2275	19.1213
0.23	2.45752
0.2325	-2.51912
0.235	-4.56439
0.2375	3.96961
0.24	-5.11746
0.2425	21.5064
0.245	-1.79698
0.2475	-0.152553
0.25	15.8133
0.2525	12.7198
0.255	-18.8701
0.2575	4.48067
0.26	-4.99839
0.2625	-9.06714
0.265	26.1883
0.2675	1.36668
0.27	-2.77214
0.2725	-6.77382
0.275	11.8607
0.2775	-22.3075
0.28	-26.0064
0.2825	6.48633
0.285	-27.2479
0.2875	-13.9967
0.29	-6.46414
0.2925	-1.39742
0.295	-9.16992
0.2975	11.4878
0.3	-29.4529
0.3025	-2.5405
0.305	-8.54422
0.3075	-4.28477
0.31	8.9003
0.3125	-20.3847
0.315	18.3429
0.3175	-5.19926
0.32	14.3342
0.3225	5.02054
0.325	-0.968505
0.3275	-11.6021
0.33	-17.4115
0.3325	17.8353
0.335	-15.3979
0.3375	-2.13636
0.34	-22.3874
0.3425	-16.8346
0.345	2.78441
0.3475	-6.2624
0.35	14.0017
0.3525	-2.98665
0.355	-5.28158
0.3575	-34.6404
0.36	-4.40247
0.3625	30.7154
0.365	-4.06023
0.3675	-1.90618
0.37	12.6539
0.3725	-4.61582
0.375	-11.7465
0.3775	-2.44882
0.38	11.3747
0.3825	-10.2498
0.385	0.535372
0.3875	8.93689
0.39	-5.58982
0.3925	-3.86599
0.395	-9.70958
0.3975	8.92464
0.4	-4.38221
0.4025	12.4461
0.405	2.98979
0.4075	10.0074
0.41	12.635
0.4125	17.0399
0.415	-29.9323
0.4175	-7.93667
0.42	-4.18888
0.4225	22.8319
0.425	18.6738
0.4275	-5.33524
0.43	-19.6552
0.4325	-26.1977
0.435	26.7387
0.4375	7.07086
0.44	-0.198785
0.4425	-22.949
0.445	-1.09646
0.4475	-19.6259
0.45	-8.93162
0.4525	-4.37022
0.455	-29.4819
0.4575	18.5421
0.46	-8.86866
0.4625	-33.2976
0.465	-4.61991
0.4675	4.98185
0.47	-4.69048
0.4725	-9.69727
0.475	-4.13964
0.4775	-11.265
0.48	-21.2607
0.4825	13.9287
0.485	-11.7126
0.4875	-6.9894
0.49	-7.0933
0.4925	29.7296
0.495	5.67308
0.4975	0.811036
0.5	-8.73664
0.5025	-20.5747
0.505	-22.3322
0.5075	-3.42983
0.51	4.42266
0.5125	13.6935
0.515	1.1249
0.5175	-32.3347
0.52	7.40756
0.5225	13.9878
0.525	-1.75463
0.5275	-13.7951
0.53	2.54005
0.5325	3.43059
0.535	-17.0521
0.5375	-8.30357
0.54	1.70304
0.5425	2.54892
0.545	-16.3757
0.5475	1.51878
0.55	3.07987
0.5525	-5.69153
0.555	14.3733
0.5575	14.696
0.56	4.02367
0.5625	-13.2496
0.565	-2.68806
0.5675	0.387064
0.57	-20.8207
0.5725	-5.9443
0.575	2.34651
0.5775	4.51158
0.58	26.1271
0.5825	-0.218263
0.585	5.15537
0.5875	18.3367
0.59	10.1667
0.5925	-10.2455
0.595	-2.44139
0.5975	2.14434
0.6	-15.3372
0.6025	12.0515
0.605	-2.1937
0.6075	10.2705
0.61	-16.6642
0.6125	27.8975
0.615	14.664
0.6175	4.01438
0.62	11.0221
0.6225	11.4871
0.625	11.1227
0.6275	-12.2278
0.63	21.4878
0.6325	28.59
0.635	7.11199
0.6375	14.8451
0.64	-10.3367
0.6425	1.54062
0.645	1.89913
0.6475	-13.6169
0.65	14.6022
0.6525	-12.8258
0.655	7.57726
0.6575	-0.0648642
0.66	15.7073
0.6625	14.1603
0.665	-26.1487
0.6675	-5.25275
0.67	-16.1275
0.6725	5.21864
0.675	-4.06452
0.6775	-8.46482
0.68	8.39082
0.6825	-4.70716
0.685	3.70431
0.6875	2.51303
0.69	19.4096
0.6925	17.0811
0.695	6.0248
0.6975	0.0753607
0.7	17.3208
0.7025	5.10706
0.705	2.20472
0.7075	-4.18257
0.71	-2.90183
0.7125	10.2105
0.715	-3.53386
0.7175	15.873
0.72	-10.6166
0.7225	-19.0998
0.725	-0.20171
0.7275	3.39346
0.73	5.36804
0.7325	-11.199
0.735	0.856792
0.7375	12.18
0.74	14.2545
0.7425	-1.06926
0.745	-23.6486
0.7475	0.381936
0.75	3.13627
0.7525	10.0436
0.755	4.95495
0.7575	-21.8923
0.76	-6.00315
0.7625	1.42993
0.765	-4.91253
0.7675	-32.1573
0.77	31.5395
0.7725	7.47654
0.775	-17.2253
0.7775	13.2555
0.78	-2.81126
0.7825	21.6563
0.785	-19.7768
0.7875	5.98512
0.79	-15.0482
0.7925	31.2677
0.795	13.0859
0.7975	17.7458
0.8	8.05005
0.8025	19.9722
0.805	-20.5781
0.8075	18.9624
0.81	-9.2068
0.8125	-32.112
0.815	5.43438
0.8175	5.55825
0.82	-5.28169
0.8225	8.75979
0.825	24.2331
0.8275	10.8449
0.83	13.2147
0.8325	-18.8714
0.835	3.72621
0.8375	-14.1903
0.84	-28.4717
0.8425	-2.72582
0.845	4.37306
0.8475	-23.3869
0.85	15.6004
0.8525	-18.6071
0.855	1.14613
0.8575	16.5427
0.86	35.1334
0.8625	7.4656
0.865	-2.97712
0.8675	-16.185
0.87	22.8905
0.8725	-5.56341
0.875	6.95644
0.8775	18.8519
0.88	14.1996
0.8825	7.24773
0.885	-5.47156
0.8875	-11.483
0.89	-1.80753
0.8925	-6.15175
0.895	-16.6582
0.8975	5.84991
0.9	-0.750644
0.9025	0.468201
0.905	5.72543
0.9075	6.91568
0.91	-1.04602
0.9125	31.947
0.915	-20.1102
0.9175	-4.90834
0.92	-20.0305
0.9225	12.6881
0.925	-0.857795
0.9275	-0.0181035
0.93	8.9006
0.9325	-16.3982
0.935	-20.9154
0.9375	28.9207
0.94	-13.0714
0.9425	0.421385
0.945	16.7381
0.9475	-35.5015
0.95	16.484
0.9525	5.0276
0.955	11.0549
0.9575	2.21648
0.96	-39.9954
0.9625	1.98164
0.965	-13.3381
0.9675	4.81944
0.97	9.33265
0.9725	-9.51504
0.975	-1.9549
0.9775	15.3835
0.98	12.8678
0.9825	-7.0329
0.985	-22.1109
0.9875	0.478852
0.99	0.0981174
0.9925	-0.120845
0.995	-10.2926
0.9975	-4.07675
1	12.292
1.0025	2.29038
1.005	4.52959
1.0075	10.6186
1.01	-0.424467
1.0125	-23.7799
1.015	1.52085
1.0175	2.80699
1.02	5.60972
1.0225	-10.9252
1.025	-9.45526
1.0275	0.758843
1.03	-1.12461
1.0325	-11.8397
1.035	6.4897
1.0375	-23.3078
1.04	-10.9233
1.0425	20.3791
1.045	4.95944
1.0475	-2.31644
1.05	23.7853
1.0525	4.11966
1.055	-10.434
1.0575	-2.091
1.06	-7.13786
1.0625	13.1358
1.065	13.0553
1.0675	-17.0643
1.07	12.1304
1.0725	-10.8837
1.075	5.48043
1.0775	-1.13595
1.08	-7.70923
1.0825	-3.80152
1.085	-9.9366
1.0875	4.05343
1.09	-12.2025
1.0925	-16.5176
1.095	15.3809
1.0975	16.1967
1.1	16.4436
1.1025	-6.10599
1.105	2.02647
1.1075	-15.9939
1.11	7.81131
1.1125	-3.56741
1.115	18.1017
1.1175	-6.79574
1.12	-4.14304
1.1225	-3.27656
1.125	0.314965
1.1275	24.7966
1.13	33.5241
1.1325	5.82811
1.135	15.6001
1.1375	28.9277
1.14	-8.75477
1.1425	13.7135
1.145	11.2436
1.1475	0.239313
1.15	-17.0769
1.1525	-49.2
1.155	-11.3783
1.1575	-4.80019
1.16	0.589442
1.1625	-4.09126
1.165	12.0808
1.1675	2.29243
1.17	5.57437
1.1725	25.0444
1.175	-5.20044
1.1775	3.92725
1.18	-5.0181
1.1825	-25.7951
1.185	3.50001
1.1875	-16.7807
1.19	-4.55474
1.1925	-3.4688
1.195	-4.59987
1.1975	20.478
1.2	-6.80428
1.2025	13.0396
1.205	12.68
1.2075	23.5399
1.21	16.8802
1.2125	14.3203
1.215	-2.55487
1.2175	-13.0161
1.22	-1.10608
1.2225	-6.1845
1.225	-1.93255
1.2275	12.0084
1.23	-19.9842
1.2325	9.62075
1.235	4.7249
1.2375	-6.16606
1.24	6.94977
1.2425	-4.35048
1.245	-22.7254
1.2475	25.6471
1.25	-4.77232
1.2525	-2.0599
1.255	-7.77749
1.2575	-0.863414
1.26	8.13649
1.2625	-3.46834
1.265	9.04655
1.2675	-4.06902
1.27	-21.5912
1.2725	-35.7331
1.275	-6.40116
1.2775	-9.94784
1.28	-6.53774
1.2825	-1.14629
1.285	-8.02807
1.2875	23.2209
1.29	10.1236
1.2925	-1.21566
1.295	5.11477
1.2975	0.719984
1.3	2.11429
1.3025	-7.82358
1.305	-10.0147
1.3075	4.93229
1.31	-30.3779
1.3125	13.692
1.315	-8.60116
1.3175	16.4153
1.32	-7.977
1.3225	16.2991
1.325	1.94772
1.3275	30.5926
1.33	-8.97768
1.3325	10.0514
1.335	6.67141
1.3375	-2.14946
1.34	35.224
1.3425	17.5727
1.345	0.0433787
1.3475	-3.52248
1.35	17.0985
1.3525	0.954643
1.355	-13.3636
1.3575	-14.1419
1.36	-8.60477
1.3625	8.97228
1.365	16.0008
1.3675	-8.05872
1.37	-23.0854
1.3725	3.95253
1.375	-8.20334
1.3775	7.22791
1.38	10.3994
1.3825	-4.21171
1.385	22.7004
1.3875	-21.0903
1.39	1.21474
1.3925	-18.2511
1.395	-28.812
1.3975	5.0671
1.4	6.35377
1.4025	17.7267
1.405	-11.7832
1.4075	12.8565
1.41	-9.01193
1.4125	-11.0565
1.415	1.18143
1.4175	-12.9088
1.42	-21.4134
1.4225	0.86945
1.425	-29.8511
1.4275	-23.2571
1.43	-17.4442
1.4325	22.3163
1.435	-17.0662
1.4375	10.6498
1.44	3.87371
1.4425	15.763
1.445	23.3781
1.4475	24.1227
1.45	-3.35849
1.4525	5.95967
1.455	-13.1119
1.4575	-7.44457
1.46	11.3828
1.4625	1.26851
1.465	0.492855
1.4675	-9.40617
1.47	3.35501
1.4725	-18.5239
1.475	-16.8911
1.4775	2.37916
1.48	21.154
1.4825	-6.22058
1.485	0.508211
1.4875	5.51853
1.49	11.5256
1.4925	3.56854
1.495	21.6938
1.4975	-0.723079
1.5	4.49327
1.5025	-2.00564
1.505	-8.80132
1.5075	-12.8683
1.51	0.915286
1.5125	13.0474
1.515	4.42612
1.5175	-0.369687
1.52	1.27041
1.5225	17.2947
1.525	-12.1233
1.5275	-23.7746
1.53	3.00426
1.5325	-4.79942
1.535	9.7279
1.5375	-12.2709
1.54	0.386412
1.5425	12.9722
1.545	-8.4442
1.5475	0.972269
1.55	10.6921
1.5525	40.9148
1.555	-6.41988
1.5575	-24.5507
1.56	-5.08288
1.5625	-1.01202
1.565	-13.7211
1.5675	2.4605
1.57	-0.891572
1.5725	4.50406
1.575	-12.5628
1.5775	-17.864
1.58	17.1686
1.5825	-16.7222
1.585	-0.301737
1.5875	-0.49529
1.59	-3.61153
1.5925	13.3007
1.595	18.6269
1.5975	-15.2667
1.6	-0.566321
1.6025	-13.942
1.605	9.45152
1.6075	-1.55187
1.61	24.8087
1.6125	-2.46231
1.615	14.4789
1.6175	0.992466
1.62	-1.63728
1.6225	43.3445
1.625	21.0959
1.6275	-0.45708
1.63	-12.9138
1.6325	-0.628149
1.635	5.50498
1.6375	-18.9757
1.64	23.8811
1.6425	-4.20406
1.645	9.72938
1.6475	-29.1427
1.65	4.42526
1.6525	-1.83286
1.655	28.1777
1.6575	2.99424
1.66	23.1012
1.6625	-1.88627
1.665	-5.5524
1.6675	-4.69751
1.67	14.4143
1.6725	8.48129
1.675	7.97297
1.6775	28.3572
1.68	14.4771
1.6825	-15.942
1.685	3.56521
1.6875	11.0398
1.69	10.69
1.6925	14.0834
1.695	-7.1219
1.6975	8.92403
1.7	15.8411
1.7025	10.8616
1.705	32.0198
1.7075	6.26926
1.71	15.657
1.7125	-1.28994
1.715	2.7287
1.7175	-6.33128
1.72	11.3219
1.7225	-2.04792
1.725	9.18159
1.7275	-1.46925
1.73	7.69479
1.7325	11.0246
1.735	-22.4892
1.7375	8.07248
1.74	19.695
1.7425	-4.88694
1.745	21.5141
1.7475	-17.4776
1.75	14.0217
1.7525	32.1147
1.755	33.0019
1.7575	8.74373
1.76	12.7317
1.7625	17.0252
1.765	-5.99695
1.7675	18.3788
1.77	21.6302
1.7725	3.88873
1.775	1.01554
1.7775	5.74021
1.78	-9.99791
1.7825	3.62601
1.785	4.82351
1.7875	-5.55438
1.79	33.9841
1.7925	19.1823
1.795	-11.9803
1.7975	9.97965
1.8	-4.76447
1.8025	13.3385
1.805	-1.82227
1.8075	-21.4327
1.81	-4.58062
1.8125	-5.03553
1.815	13.7808
1.8175	28.5833
1.82	-4.75857
1.8225	-2.02693
1.825	-0.149439
1.8275	19.8966
1.83	1.90513
1.8325	-13.5564
1.835	4.97865
1.8375	-11.7808
1.84	21.214
1.8425	-26.7235
1.845	-27.6979
1.8475	1.58622
1.85	3.74618
1.8525	31.0189
1.855	-2.22467
1.8575	8.38218
1.86	-8.00254
1.8625	-11.6103
1.865	9.75854
1.8675	1.80814
1.87	-0.473672
1.8725	-4.36245
1.875	-25.1125
1.8775	4.33474
1.88	-0.00769582
1.8825	-11.9419
1.885	-3.18554
1.8875	-9.24741
1.89	19.2782
1.8925	15.4608
1.895	-2.26021
1.8975	-11.0205
1.9	-1.51167
1.9025	1.2033
1.905	14.4414
1.9075	-6.32548
1.91	18.0454
1.9125	10.9994
1.915	10.734
1.9175	-1.90613
1.92	-31.1992
1.9225	16.2693
1.925	4.4616
1.9275	-19.5948
1.93	8.88959
1.9325	-0.134557
1.935	-17.8467
1.9375	-8.99003
1.94	1.34027
1.9425	14.7096
1.945	-8.09726
1.9475	-19.484
1.95	-10.5249
1.9525	-10.8966
1.955	-9.14597
1.9575	-16.9147
1.96	15.7376
1.9625	10.334
1.965	-4.96686
1.9675	-12.0581
1.97	19.3009
1.9725	6.11784
1.975	10.6608
1.9775	-1.75987
1.98	-4.56229
1.9825	-9.92123
1.985	-4.07484
1.9875	7.30036
1.99	0.328152
1.9925	12.9631
1.995	-9.57294
1.9975	5.14963
2	-4.56365
2.0025	4.02901
2.005	0.744562
2.0075	-14.8398
2.01	3.78173
2.0125	-9.90939
2.015	-21.8881
2.0175	18.1515
2.02	-11.2872
2.0225	-26.6786
2.025	-4.35143
2.0275	17.2794
2.03	-11.1865
2.0325	-22.629
2.035	18.9935
2.0375	-0.446793
2.04	-18.8715
2.0425	15.9779
2.045	-7.27979
2.0475	-3.83433
2.05	-10.4037
2.0525	9.43692
2.055	-2.43659
2.0575	20.4014
2.06	-10.8924
2.0625	17.5724
2.065	-6.6069
2.0675	-0.84141
2.07	-14.2696
2.0725	11.4763
2.075	4.36489
2.0775	14.0475
2.08	9.12816
2.0825	24.5732
2.085	11.5484
2.0875	21.983
2.09	-9.69646
2.0925	7.94801
2.095	-16.8251
2.0975	3.54255
2.1	2.56132
2.1025	-0.442465
2.105	-11.841
2.1075	1.60357
2.11	13.1675
2.1125	23.9409
2.115	39.5482
2.1175	3.01347
2.12	-20.2037
2.1225	0.594864
2.125	-13.0008
2.1275	-9.83041
2.13	31.1309
2.1325	8.86107
2.135	-2.26067
2.1375	5.88306
2.14	5.67635
2.1425	-18.1911
2.145	5.15495
2.1475	11.8193
2.15	-16.3274
2.1525	2.05742
2.155	7.40735
2.1575	-5.74659
2.16	-19.619
2.1625	25.1287
2.165	12.0005
2.1675	-3.11617
2.17	0.785031
2.1725	-3.5237
2.175	-9.80306
2.1775	-11.2432
2.18	23.9591
2.1825	4.26168
2.185	-2.40155
2.1875	-14.5948
2.19	33.2871
2.1925	13.342
2.195	-26.8073
2.1975	-4.67342
2.2	5.63806
2.2025	13.5848
2.205	14.3908
2.2075	38.5371
2.21	-11.1041
2.2125	18.3932
2.215	-6.60292
2.2175	3.58447
2.22	-30.2339
2.2225	-9.29639
2.225	-4.70418
2.2275	-0.322828
2.23	-11.2167
2.2325	-30.6772
2.235	-14.9798
2.2375	6.53836
2.24	18.1014
2.2425	-4.7145
2.245	6.10697
2.2475	10.6819
2.25	2.16282
2.2525	9.58362
2.255	-3.95139
2.2575	-25.5173
2.26	17.1679
2.2625	-22.472
2.265	1.41903
2.2675	-1.51795
2.27	5.93638
2.2725	8.35072
2.275	-3.29783
2.2775	-3.37041
2.28	-7.18485
2.2825	5.513
2.285	22.7623
2.2875	-10.9142
2.29	-5.14349
2.2925	21.8635
2.295	-12.4252
2.2975	-4.33396
2.3	-9.7295
2.3025	-7.46039
2.305	-15.7557
2.3075	18.5515
2.31	-11.4492
2.3125	7.59129
2.315	-7.18974
2.3175	9.84213
2.32	8.25843
2.3225	22.2428
2.325	-14.4068
2.3275	11.3414
2.33	6.61979
2.3325	-19.9736
2.335	10.9014
2.3375	2.59213
2.34	16.841
2.3425	8.0557
2.345	-0.967649
2.3475	-8.12489
2.35	-3.60689
2.3525	-10.2356
2.355	4.59357
2.3575	-21.1067
2.36	12.6586
2.3625	-13.1187
2.365	-14.8759
2.3675	-11.4387
2.37	-15.2258
2.3725	8.7951
2.375	-5.94285
2.3775	-3.67482
2.38	-11.0254
2.3825	-9.88128
2.385	-8.44302
2.3875	-12.6558
2.39	-4.84838
2.3925	4.58139
2.395	18.5026
2.3975	2.64171
2.4	8.10034
2.4025	-7.66164
2.405	2.32874
2.4075	10.0926
2.41	1.15384
2.4125	24.697
2.415	9.95326
2.4175	-7.19262
2.42	3.75245
2.4225	4.095
2.425	22.8263
2.4275	6.30126
2.43	-18.8977
2.4325	-0.643143
2.435	14.3619
2.4375	-8.83681
2.44	-0.998427
2.4425	-6.38993
2.445	-26.4048
2.4475	15.8665
2.45	-5.10254
2.4525	-23.7319
2.455	20.1331
2.4575	-23.5199
2.46	-35.4823
2.4625	-18.0827
2.465	4.13007
2.4675	16.311
2.47	-13.5115
2.4725	0.935726
2.475	20.4004
2.4775	-21.0365
2.48	9.30957
2.4825	17.3561
2.485	-0.789337
2.4875	-7.07688
2.49	-9.05138
2.4925	15.2284
2.495	-13.2094
2.4975	11.1755
2.5	16.0493
2.5025	-4.69667
2.505	25.8926
2.5075	-12.3836
2.51	9.74277
2.5125	12.6266
2.515	3.5694
2.5175	22.2976
2.52	-7.53008
2.5225	-15.5677
2.525	-4.61067
2.5275	16.4017
2.53	-4.63167
2.5325	7.64101
2.535	-4.02456
2.5375	7.59547
2.54	-5.91222
2.5425	15.857
2.545	-3.32384
2.5475	-14.2296
2.55	0.279415
2.5525	-3.43978
2.555	-10.1068
2.5575	2.31914
2.56	4.39256
2.5625	-1.27609
2.565	6.52527
2.5675	15.172
2.57	9.49035
2.5725	-13.1968
2.575	-8.43815
2.5775	-7.07056
2.58	-6.66227
2.5825	0.914509
2.585	12.633
2.5875	-18.7127
2.59	-11.5222
2.5925	0.72432
2.595	-17.8084
2.5975	-8.84895
2.6	-6.50621
2.6025	-11.9863
2.605	4.14742
2.6075	-7.88719
2.61	-0.739243
2.6125	11.5011
2.615	16.9036
2.6175	8.99308
2.62	-2.75399
2.6225	-4.14501
2.625	-0.196838
2.6275	22.8311
2.63	8.51784
2.6325	12.9117
2.635	0.935133
2.6375	18.0144
2.64	4.25944
2.6425	-9.03049
2.645	-22.8306
2.6475	8.30669
2.65	2.78068
2.6525	-1.94915
2.655	-15.0769
2.6575	27.3204
2.66	-21.4999
2.6625	-10.1024
2.665	-0.919199
2.6675	10.8389
2.67	-1.34633
2.6725	2.66691
2.675	-12.4051
2.6775	2.51957
2.68	48.3063
2.6825	-11.9182
2.685	0.815149
2.6875	2.29057
2.69	6.65093
2.6925	2.5038
2.695	-26.3452
2.6975	8.79567
2.7	-5.35105
2.7025	0.603345
2.705	6.9806
2.7075	-13.4323
2.71	-12.8745
2.7125	6.50391
2.715	-1.68473
2.7175	-3.99825
2.72	17.5662
2.7225	-17.4497
2.725	-29.8923
2.7275	15.2463
2.73	30.1986
2.7325	10.3863
2.735	1.2585
2.7375	14.2086
2.74	7.80637
2.7425	16.3278
2.745	-7.32589
2.7475	-1.46646
2.75	11.7772
2.7525	-3.24899
2.755	8.44102
2.7575	-11.0344
2.76	8.39787
2.7625	2.32094
2.765	30.4237
2.7675	15.1466
2.77	6.51088
2.7725	-0.188457
2.775	12.0235
2.7775	-11.1571
2.78	0.483614
2.7825	-6.03631
2.785	13.4199
2.7875	-2.66545
2.79	17.1948
2.7925	-24.2258
2.795	5.61372
2.7975	9.52792
2.8	4.37582
2.8025	-0.756737
2.805	-8.61267
2.8075	2.65651
2.81	-4.02709
2.8125	4.90088
2.815	-1.56814
2.8175	-8.17081
2.82	-3.65563
2.8225	-2.63761
2.825	-6.12184
2.8275	9.43991
2.83	8.57771
2.8325	-1.26345
2.835	-26.8602
2.8375	8.26031
2.84	22.1671
2.8425	0.00650305
2.845	3.97736
2.8475	-5.11728
2.85	5.21113
2.8525	11.941
2.855	-0.911317
2.8575	-6.35279
2.86	1.29946
2.8625	-23.177
2.865	4.7606
2.8675	-0.880529
2.87	-8.83605
2.8725	-3.72109
2.875	-25.4539
2.8775	-20.4364
2.88	-27.2139
2.8825	23.0874
2.885	-22.9248
2.8875	-6.306
2.89	-25.6002
2.8925	27.0782
2.895	6.63565
2.8975	-14.076
2.9	-1.05106
2.9025	-10.1594
2.905	15.9433
2.9075	-20.2577
2.91	-5.04632
2.9125	4.95247
2.915	-8.3039
2.9175	19.3415
2.92	9.348
2.9225	16.9997
2.925	6.16479
2.9275	20.16
2.93	5.02845
2.9325	-12.8827
2.935	-3.78097
2.9375	13.9242
2.94	-0.266416
2.9425	6.98881
2.945	19.6123
2.9475	-7.15758
2.95	-9.56297
2.9525	-15.4852
2.955	7.61721
2.9575	-4.45481
2.96	-4.21516
2.9625	21.0632
2.965	-8.49639
2.9675	24.966
2.97	2.57472
2.9725	-16.311
2.975	-7.05059
2.9775	8.37185
2.98	4.70542
2.9825	-5.31167
2.985	-3.19044
2.9875	-11.1271
2.99	-14.4082
2.9925	12.925
2.995	-7.58399
2.9975	-24.6252
3	-5.40813
3.0025	23.5539
3.005	-9.1029
3.0075	2.98285
3.01	-6.06275
3.0125	21.6374
3.015	-26.2877
3.0175	13.2038
3.02	4.10069
3.0225	4.98563
3.025	-5.33593
3.0275	45.6606
3.03	-19.7155
3.0325	-6.82711
3.035	-2.50229
3.0375	-8.20951
3.04	-21.7426
3.0425	-0.945131
3.045	-18.2696
3.0475	8.68036
3.05	2.27876
3.0525	8.36821
3.055	9.49344
3.0575	-21.9955
3.06	-13.6987
3.0625	8.96187
3.065	3.38793
3.0675	28.156
3.07	-9.00782
3.0725	18.8798
3.075	-4.08852
3.0775	3.7186
3.08	-16.343
3.0825	-31.2975
3.085	-14.4187
3.0875	-9.32337
3.09	19.0935
3.0925	-26.0682
3.095	3.70604
3.0975	-11.4738
3.1	-32.5789
3.1025	3.40898
3.105	-10.0791
3.1075	-3.48586
3.11	-14.79
3.1125	10.7971
3.115	10.9121
3.1175	3.87119
3.12	-4.57371
3.1225	-24.6216
3.125	7.51509
3.1275	9.69295
3.13	5.74511
3.1325	-0.46895
3.135	-4.96871
3.1375	16.3057
3.14	-10.5841
3.1425	-3.13188
3.145	-6.08079
3.1475	9.97787
3.15	-12.8524
3.1525	-17.4897
3.155	15.0276
3.1575	1.036
3.16	-1.87904
3.1625	3.78975
3.165	-22.1327
3.1675	8.55878
3.17	-12.0372
3.1725	5.31625
3.175	6.78729
3.1775	15.1499
3.18	-7.27271
3.1825	11.9703
3.185	-16.769
3.1875	13.3494
3.19	9.50927
3.1925	0.583967
3.195	-6.04799
3.1975	-1.74098
3.2	-10.0937
3.2025	5.43566
3.205	12.2424
3.2075	13.8982
3.21	-16.7955
3.2125	24.4959
3.215	-5.63966
3.2175	6.8553
3.22	-17.8177
3.2225	-1.07238
3.225	-12.6648
3.2275	5.44997
3.23	6.57212
3.2325	21.0137
3.235	19.5849
3.2375	-2.44367
3.24	-24.749
3.2425	-7.36406
3.245	-9.31768
3.2475	10.6579
3.25	-11.1463
3.2525	-11.9569
3.255	-7.40083
3.2575	-2.34682
3.26	9.03226
3.2625	14.9709
3.265	-4.31862
3.2675	-17.7238
3.27	7.19285
3.2725	10.0674
3.275	25.0534
3.2775	-13.4429
3.28	14.0525
3.2825	-9.31568
3.285	-0.934178
3.2875	-10.2399
3.29	-0.106776
3.2925	14.3725
3.295	15.0004
3.2975	13.7228
3.3	-4.02694
3.3025	3.55947
3.305	-1.60783
3.3075	2.52629
3.31	-6.08125
3.3125	7.43191
3.315	21.0087
3.3175	12.0994
3.32	13.166
3.3225	13.8719
3.325	0.998446
3.3275	-11.757
3.33	-6.85677
3.3325	2.34199
3.335	4.59559
3.3375	-3.3383
3.34	2.26058
3.3425	-12.043
3.345	-14.3327
3.3475	-13.9742
3.35	-11.6873
3.3525	-24.6892
3.355	1.79667
3.3575	-0.0790762
3.36	-1.06984
3.3625	6.49168
3.365	-8.0957
3.3675	12.8874
3.37	17.6608
3.3725	-11.9521
3.375	10.685
3.3775	18.203
3.38	-0.0684551
3.3825	-1.45673
3.385	11.0365
3.3875	15.8408
3.39	-1.38225
3.3925	-2.00543
3.395	5.86161
3.3975	-11.5836
3.4	-10.1894
3.4025	12.5616
3.405	-5.48068
3.4075	-5.03249
3.41	-15.2838
3.4125	-15.7511
3.415	9.35636
3.4175	9.35757
3.42	-7.98397
3.4225	30.976
3.425	-3.77439
3.4275	-3.82008
3.43	8.90296
3.4325	-9.29851
3.435	2.20886
3.4375	-0.150333
3.44	-12.2708
3.4425	1.06268
3.445	14.2517
3.4475	-6.40327
3.45	-1.9214
3.4525	1.47577
3.455	-4.87534
3.4575	9.91443
3.46	0.964889
3.4625	3.10049
3.465	-7.5356
3.4675	13.4703
3.47	-5.00526
3.4725	16.8642
3.475	-5.16747
3.4775	3.6905
3.48	-5.64293
3.4825	2.78861
3.485	0.776919
3.4875	0.00478909
3.49	-0.270986
3.4925	1.7472
3.495	11.5345
3.4975	-4.0433
3.5	-11.2279
3.5025	8.88374
3.505	-16.1588
3.5075	-11.6828
3.51	-7.60454
3.5125	-11.7786
3.515	6.39967
3.5175	7.72481
3.52	23.4517
3.5225	9.3681
3.525	12.9633
3.5275	10.4731
3.53	22.0484
3.5325	18.5048
3.535	-12.4552
3.5375	24.2527
3.54	10.2589
3.5425	-16.3237
3.545	-1.72806
3.5475	15.6766
3.55	7.34458
3.5525	11.4497
3.555	22.0508
3.5575	-5.73357
3.56	30.3154
3.5625	13.7101
3.565	-10.1998
3.5675	-2.4968
3.57	8.0953
3.5725	-11.6054
3.575	14.3001
3.5775	34.7489
3.58	4.8721
3.5825	-12.49
3.585	-4.06511
3.5875	16.3074
3.59	-9.16352
3.5925	0.064801
3.595	-5.43737
3.5975	-3.28674
3.6	16.1581
3.6025	7.55671
3.605	17.8606
3.6075	-3.48565
3.61	11.9988
3.6125	-11.2854
3.615	-6.62238
3.6175	23.3279
3.62	11.3844
3.6225	-21.2178
3.625	-16.7908
3.6275	-12.2782
3.63	21.5504
3.6325	12.0838
3.635	-10.5731
3.6375	-18.5658
3.64	11.41
3.6425	-5.49965
3.645	-18.6127
3.6475	-21.1861
3.65	10.3945
3.6525	-8.26657
3.655	-15.8124
3.6575	3.26992
3.66	9.43074
3.6625	-16.5825
3.665	-1.40501
3.6675	-2.4541
3.67	-2.96402
3.6725	-10.5918
3.675	8.24357
3.6775	5.12913
3.68	-9.17682
3.6825	16.7396
3.685	-18.4096
3.6875	1.06787
3.69	-3.7896
3.6925	0.81211
3.695	-25.007
3.6975	21.3536
3.7	12.3306
3.7025	-20.1743
3.705	5.18901
3.7075	0.665236
3.71	-17.2569
3.7125	4.49221
3.715	0.995809
3.7175	17.3628
3.72	-17.9848
3.7225	10.1059
3.725	3.21169
3.7275	-1.44702
3.73	-0.612761
3.7325	27.0197
3.735	6.85444
3.7375	-3.63009
3.74	-13.2885
3.7425	4.01504
3.745	2.99951
3.7475	16.9769
3.75	9.4938
3.7525	8.48832
3.755	-6.79267
3.7575	32.626
3.76	4.36996
3.7625	-2.63908
3.765	31.0778
3.7675	-1.02972
3.77	2.17245
3.7725	1.834
3.775	4.22157
3.7775	-16.9262
3.78	-4.69137
3.7825	-0.91053
3.785	-6.56315
3.7875	-22.0802
3.79	-8.65464
3.7925	1.68191
3.795	2.68258
3.7975	-2.48924
3.8	8.92224
3.8025	9.08273
3.805	2.05197
3.8075	32.2652
3.81	19.7359
3.8125	4.09004
3.815	-17.2274
3.8175	11.662
3.82	17.9722
3.8225	-1.74459
3.825	15.5655
3.8275	10.1918
3.83	-7.98048
3.8325	-0.533186
3.835	19.571
3.8375	14.6089
3.84	-1.17415
3.8425	0.892233
3.845	-23.4278
3.8475	-20.3739
3.85	-0.870741
3.8525	3.11307
3.855	-16.4806
3.8575	7.90084
3.86	-18.6272
3.8625	9.44679
3.865	7.85984
3.8675	-20.0567
3.87	15.8158
3.8725	26.4006
3.875	4.2934
3.8775	5.152
3.88	-2.76912
3.8825	-13.3817
3.885	-8.99474
3.8875	19.0609
3.89	15.4392
3.8925	-5.81897
3.895	-19.2529
3.8975	-1.5255
3.9	2.54386
3.9025	8.75662
3.905	22.301
3.9075	-21.3791
3.91	0.473572
3.9125	-9.48588
3.915	-4.83139
3.9175	-9.32822
3.92	5.76415
3.9225	5.57615
3.925	0.789783
3.9275	14.703
3.93	16.755
3.9325	-22.6921
3.935	-8.83298
3.9375	2.16607
3.94	-10.2759
3.9425	-26.4482
3.945	1.02636
3.9475	3.04575
3.95	-2.49673
3.9525	3.89841
3.955	-9.14281
3.9575	14.2477
3.96	0.930986
3.9625	1.96075
3.965	4.71637
3.9675	5.21943
3.97	13.8449
3.9725	2.61844
3.975	-21.1616
3.9775	4.9969
3.98	-11.1662
3.9825	17.9687
3.985	-1.61702
3.9875	14.8044
3.99	7.94413
3.9925	4.23722
3.995	-0.553372
3.9975	-6.82744
4	12.9528
4.0025	15.7251
4.005	7.3249
4.0075	-0.485213
4.01	-2.3863
4.0125	20.3392
4.015	6.25299
4.0175	6.97412
4.02	15.2266
4.0225	-15.9223
4.025	1.14583
4.0275	18.1829
4.03	0.955699
4.0325	4.45362
4.035	23.7267
4.0375	-25.7576
4.04	-3.39915
4.0425	0.474144
4.045	2.44584
4.0475	-11.8907
4.05	14.8379
4.0525	3.47033
4.055	-5.31993
4.0575	19.7828
4.06	11.8255
4.0625	1.44054
4.065	22.9642
4.0675	-16.66
4.07	0.684882
4.0725	-11.7172
4.075	-13.4591
4.0775	21.2636
4.08	15.6896
4.0825	2.98626
4.085	-3.19466
4.0875	2.1243
4.09	21.1619
4.0925	-4.72231
4.095	-13.0206
4.0975	-20.1046
4.1	0.587835
4.1025	14.7914
4.105	7.25123
4.1075	2.81339
4.11	4.99299
4.1125	9.27583
4.115	-9.52447
4.1175	3.3651
4.12	1.03608
4.1225	-24.303
4.125	-10.8214
4.1275	13.2079
4.13	10.1938
4.1325	-6.62174
4.135	5.65779
4.1375	-7.02948
4.14	19.9521
4.1425	2.60838
4.145	-10.8643
4.1475	15.9691
4.15	-9.17046
4.1525	9.76619
4.155	0.412924
4.1575	-18.9651
4.16	-5.21758
4.1625	-30.7098
4.165	-11.9907
4.1675	6.96502
4.17	26.4418
4.1725	-18.3575
4.175	-16.0713
4.1775	0.777953
4.18	7.39068
4.1825	9.25832
4.185	-14.093
4.1875	5.68785
4.19	7.20897
4.1925	-8.62317
4.195	-4.25874
4.1975	8.76249
4.2	-2.15029
4.2025	-13.6641
4.205	-0.994021
4.2075	0.0131422
4.21	11.4201
4.2125	15.7712
4.215	8.5694
4.2175	4.29185
4.22	-6.62657
4.2225	-0.645822
4.225	2.59363
4.2275	-18.6812
4.23	4.02791
4.2325	11.7153
4.235	5.10164
4.2375	-7.2515
4.24	9.83106
4.2425	17.9775
4.245	-5.87189
4.2475	-5.7094
4.25	-2.1461
4.2525	21.3348
4.255	-25.4981
4.2575	-22.1129
4.26	10.5767
4.2625	10.2105
4.265	-8.35733
4.2675	-13.562
4.27	-1.4641
4.2725	-31.5149
4.275	-2.03903
4.2775	-1.56701
4.28	-18.4598
4.2825	-16.3246
4.285	-15.0423
4.2875	8.43286
4.29	-1.17847
4.2925	-1.17847
4.295	-4.32905
4.2975	1.61615
4.3	16.064
4.3025	-20.0049
4.305	-12.2795
4.3075	4.83092
4.31	0.411573
4.3125	2.73959
4.315	-0.629197
4.3175	18.1913
4.32	10.2153
4.3225	-9.4596
4.325	2.01296
4.3275	-11.5704
4.33	0.895324
4.3325	2.4013
4.335	-18.1961
4.3375	21.6051
4.34	-5.1094
4.3425	8.0463
4.345	14.8717
4.3475	-6.48239
4.35	-0.5865
4.3525	12.2474
4.355	9.17654
4.3575	0.888068
4.36	-6.63624
4.3625	23.0027
4.365	11.9687
4.3675	1.5307
4.37	-10.9922
4.3725	-2.34795
4.375	4.89834
4.3775	18.5018
4.38	-20.0503
4.3825	2.25692
4.385	-7.47166
4.3875	9.85964
4.39	8.54088
4.3925	-22.6236
4.395	10.2114
4.3975	2.11108
4.4	-0.222946
4.4025	8.39334
4.405	-19.3101
4.4075	-27.2364
4.41	-1.3791
4.4125	-3.04032
4.415	16.0449
4.4175	15.2148
4.42	2.58231
4.4225	0.982886
4.425	9.32915
4.4275	14.1576
4.43	29.6392
4.4325	7.15973
4.435	21.3088
4.4375	7.90244
4.44	6.07518
4.4425	1.09162
4.445	6.702
4.4475	16.0383
4.45	-2.35886
4.4525	1.80029
4.455	-2.02596
4.4575	-8.26263
4.46	-15.3503
4.4625	14.2775
4.465	-12.916
4.4675	1.1017
4.47	2.87438
4.4725	-14.4783
4.475	13.2524
4.4775	-18.5942
4.48	10.7963
4.4825	-14.3098
4.485	8.54428
4.4875	-27.5753
4.49	-15.0833
4.4925	4.37266
4.495	-18.0212
4.4975	-1.57266
4.5	-18.3473
4.5025	7.66704
4.505	-38.9858
4.5075	-4.35417
4.51	29.7666
4.5125	-10.9169
4.515	16.2739
4.5175	-2.90571
4.52	10.1883
4.5225	10.6275
4.525	-8.81563
4.5275	-13.4485
4.53	11.5463
4.5325	-4.29443
4.535	-9.43027
4.5375	1.47446
4.54	-14.6771
4.5425	1.93295
4.545	8.22073
4.5475	7.77942
4.55	24.8201
4.5525	-20.7491
4.555	-7.97427
4.5575	13.4891
4.56	25.5036
4.5625	-34.8342
4.565	19.7676
4.5675	-18.221
4.57	-3.26998
4.5725	1.91115
4.575	2.10277
4.5775	-4.11874
4.58	-12.4684
4.5825	-1.62545
4.585	-2.48403
4.5875	26.4003
4.59	10.792
4.5925	-4.96957
4.595	2.5569
4.5975	-13.7795
4.6	3.35167
4.6025	1.09836
4.605	-10.5692
4.6075	0.78324
4.61	3.3776
4.6125	0.682247
4.615	-4.2271
4.6175	12.1182
4.62	-2.65384
4.6225	0.78996
4.625	-1.73047
4.6275	3.65935
4.63	-22.4273
4.6325	8.82221
4.635	-19.3584
4.6375	25.7927
4.64	15.9951
4.6425	-13.6903
4.645	-2.0204
4.6475	-24.3677
4.65	-13.943
4.6525	-6.86499
4.655	1.84011
4.6575	-9.82507
4.66	10.4369
4.6625	11.3461
4.665	0.662017
4.6675	-14.3363
4.67	-0.690227
4.6725	2.34462
4.675	8.08894
4.6775	-12.2673
4.68	30.4334
4.6825	-18.4973
4.685	-10.1509
4.6875	31.2724
4.69	-2.68394
4.6925	14.5391
4.695	-1.08857
4.6975	-25.3625
4.7	2.40504
4.7025	-11.3469
4.705	11.3926
4.7075	0.987626
4.71	13.6174
4.7125	26.6299
4.715	-0.391979
4.7175	-16.5818
4.72	-5.10103
4.7225	-0.894127
4.725	-7.15385
4.7275	5.67315
4.73	-1.01733
4.7325	0.467076
4.735	-1.89701
4.7375	-3.24067
4.74	9.2505
4.7425	7.83308
4.745	2.26759
4.7475	20.632
4.75	-9.07817
4.7525	-3.2803
4.755	-12.884
4.7575	7.88684
4.76	-11.4027
4.7625	8.52486
4.765	11.2703
4.7675	-18.0088
4.77	-2.03647
4.7725	8.19912
4.775	-23.9682
4.7775	-0.292188
4.78	6.83058
4.7825	-5.65496
4.785	12.7958
4.7875	-5.56444
4.79	6.643
4.7925	1.57149
4.795	-30.1925
4.7975	-4.60989
4.8	7.31118
4.8025	-6.52342
4.805	6.81993
4.8075	-8.82541
4.81	-8.11607
4.8125	-14.2721
4.815	22.6602
4.8175	21.9758
4.82	-10.3234
4.8225	3.14375
4.825	1.26445
4.8275	-17.4739
4.83	0.864252
4.8325	-6.35731
4.835	34.0313
4.8375	-8.16264
4.84	-6.59933
4.8425	4.97277
4.845	2.96035
4.8475	-1.14498
4.85	25.4198
4.8525	13.9677
4.855	-8.50247
4.8575	-22.8532
4.86	-7.56445
4.8625	0.387245
4.865	-1.97225
4.8675	-1.95715
4.87	2.90467
4.8725	7.9608
4.875	9.38754
4.8775	-10.5864
4.88	13.553
4.8825	-1.31333
4.885	7.98189
4.8875	15.2832
4.89	44.3692
4.8925	-3.90532
4.895	1.568
4.8975	-4.71183
4.9	-19.6273
4.9025	-4.32903
4.905	-17.8932
4.9075	16.3467
4.91	12.5608
4.9125	26.5377
4.915	-7.57487
4.9175	-5.78528
4.92	-1.33163
4.9225	-5.22556
4.925	33.7509
4.9275	1.14348
4.93	-13.3206
4.9325	-7.06485
4.935	17.0969
4.9375	-22.4233
4.94	-16.3772
4.9425	5.42076
4.945	-20.0589
4.9475	-7.2394
4.95	-8.04228
4.9525	4.68723
4.955	21.3522
4.9575	1.75366
4.96	-38.0405
4.9625	13.8108
4.965	-4.10798
4.9675	-10.682
4.97	-21.432
4.9725	16.966
4.975	-4.33531
4.9775	19.7685
4.98	-11.3653
4.9825	-7.61152
4.985	-22.8979
4.9875	-12.715
4.99	18.2946
4.9925	-29.5344
4.995	14.5298
4.9975	-27.5147
