# sampling time(sec): 0.001 
# total time(sec): 5
 0.000  11.6158
 0.001  -5.4529
 0.002  -8.9393
 0.003  9.0991
 0.004  4.5273
 0.005  -10.3020
 0.006  0.2455
 0.007  9.0655
 0.008  -4.0457
 0.009  -6.1458
 0.010  6.0135
 0.011  2.7395
 0.012  -6.0100
 0.013  -0.0369
 0.014  4.6010
 0.015  -1.2011
 0.016  -2.7918
 0.017  0.8946
 0.018  1.6141
 0.019  0.3606
 0.020  -1.7155
 0.021  -1.5497
 0.022  3.1007
 0.023  1.6539
 0.024  -5.1182
 0.025  -0.0730
 0.026  6.6996
 0.027  -3.0985
 0.028  -6.7693
 0.029  7.0455
 0.030  4.6772
 0.031  -10.4744
 0.032  -0.5012
 0.033  12.0470
 0.034  -4.8983
 0.035  -10.8604
 0.036  10.1004
 0.037  6.8058
 0.038  -13.5581
 0.039  -0.6783
 0.040  14.1059
 0.041  -6.0137
 0.042  -11.3688
 0.043  11.4852
 0.044  5.9320
 0.045  -14.2228
 0.046  0.7955
 0.047  13.4676
 0.048  -6.9884
 0.049  -9.4720
 0.050  10.9589
 0.051  3.4415
 0.052  -11.6798
 0.053  2.8261
 0.054  9.1088
 0.055  -7.4926
 0.056  -4.2033
 0.057  9.2491
 0.058  -1.3797
 0.059  -7.7203
 0.060  5.8073
 0.061  3.5743
 0.062  -7.6512
 0.063  1.6988
 0.064  6.3380
 0.065  -6.2670
 0.066  -2.3278
 0.067  8.5427
 0.068  -3.0386
 0.069  -7.6867
 0.070  7.9714
 0.071  3.8700
 0.072  -10.8033
 0.073  1.7876
 0.074  10.5174
 0.075  -7.5785
 0.076  -7.0632
 0.077  11.7487
 0.078  1.3625
 0.079  -13.0429
 0.080  4.9915
 0.081  11.0808
 0.082  -10.2392
 0.083  -6.4474
 0.084  12.9977
 0.085  0.4773
 0.086  -12.6681
 0.087  5.1885
 0.088  9.5783
 0.089  -9.1221
 0.090  -4.8258
 0.091  10.5340
 0.092  -0.1182
 0.093  -9.4676
 0.094  3.9039
 0.095  6.7103
 0.096  -5.7283
 0.097  -3.4621
 0.098  5.5530
 0.099  0.8850
 0.100  -4.0452
 0.101  0.3063
 0.102  2.2752
 0.103  -0.0723
 0.104  -1.2819
 0.105  -0.9818
 0.106  1.6646
 0.107  1.8774
 0.108  -3.3468
 0.109  -1.6734
 0.110  5.5967
 0.111  -0.1337
 0.112  -7.2983
 0.113  3.3678
 0.114  7.3778
 0.115  -7.1821
 0.116  -5.2334
 0.117  10.3220
 0.118  1.0142
 0.119  -11.5568
 0.120  4.3577
 0.121  10.1313
 0.122  -9.4409
 0.123  -6.0789
 0.124  12.7250
 0.125  0.2795
 0.126  -13.1316
 0.127  5.7693
 0.128  10.3960
 0.129  -10.4010
 0.130  -5.1956
 0.131  12.3072
 0.132  -1.0262
 0.133  -10.9685
 0.134  6.4920
 0.135  6.8434
 0.136  -9.6438
 0.137  -1.2463
 0.138  9.6378
 0.139  -4.0545
 0.140  -6.6200
 0.141  7.3925
 0.142  1.6871
 0.143  -7.7360
 0.144  3.4576
 0.145  5.0236
 0.146  -7.0467
 0.147  -0.1933
 0.148  7.8162
 0.149  -5.1100
 0.150  -5.4157
 0.151  9.0557
 0.152  0.5277
 0.153  -10.2121
 0.154  5.3411
 0.155  8.0072
 0.156  -10.3323
 0.157  -2.9190
 0.158  12.8187
 0.159  -3.6661
 0.160  -11.9134
 0.161  9.8800
 0.162  7.7419
 0.163  -13.9472
 0.164  -1.3961
 0.165  14.7233
 0.166  -5.4124
 0.167  -12.0285
 0.168  10.8831
 0.169  6.6738
 0.170  -13.6681
 0.171  -0.1805
 0.172  13.2545
 0.173  -5.7102
 0.174  -10.0683
 0.175  9.5749
 0.176  5.2797
 0.177  -10.7168
 0.178  -0.3829
 0.179  9.3206
 0.180  -3.3019
 0.181  -6.3134
 0.182  5.0359
 0.183  2.9893
 0.184  -4.8483
 0.185  -0.5359
 0.186  3.4461
 0.187  -0.3743
 0.188  -1.8927
 0.189  -0.2120
 0.190  1.1728
 0.191  1.5942
 0.192  -1.8051
 0.193  -2.7217
 0.194  3.6381
 0.195  2.6248
 0.196  -5.9031
 0.197  -0.8143
 0.198  7.5046
 0.199  -2.4930
 0.200  -7.4445
 0.201  6.4093
 0.202  5.2268
 0.203  -9.6621
 0.204  -1.0964
 0.205  11.0360
 0.206  -3.9811
 0.207  -9.8178
 0.208  8.6001
 0.209  6.0865
 0.210  -11.3680
 0.211  -0.7415
 0.212  11.3787
 0.213  -4.7498
 0.214  -8.5442
 0.215  8.8090
 0.216  3.6640
 0.217  -10.2594
 0.218  1.7987
 0.219  8.7232
 0.220  -6.1716
 0.221  -4.7658
 0.222  8.1107
 0.223  -0.2661
 0.224  -7.0468
 0.225  4.6685
 0.226  3.3892
 0.227  -6.9309
 0.228  1.5862
 0.229  6.2350
 0.230  -6.1342
 0.231  -2.7384
 0.232  8.5997
 0.233  -2.4550
 0.234  -7.9605
 0.235  7.6325
 0.236  4.1762
 0.237  -11.0119
 0.238  1.7721
 0.239  11.3126
 0.240  -8.1670
 0.241  -8.1742
 0.242  13.0779
 0.243  2.2872
 0.244  -14.9569
 0.245  4.8049
 0.246  13.1175
 0.247  -11.1711
 0.248  -7.9473
 0.249  15.0766
 0.250  0.7871
 0.251  -15.4992
 0.252  6.4807
 0.253  12.4179
 0.254  -12.0011
 0.255  -6.7869
 0.256  14.4918
 0.257  0.2107
 0.258  -13.5928
 0.259  5.5677
 0.260  9.9186
 0.261  -9.1971
 0.262  -4.8038
 0.263  10.0962
 0.264  -0.1617
 0.265  -8.5652
 0.266  3.6501
 0.267  5.6048
 0.268  -4.9954
 0.269  -2.5178
 0.270  4.3476
 0.271  0.4342
 0.272  -2.5417
 0.273  0.0734
 0.274  0.7374
 0.275  0.8439
 0.276  0.0364
 0.277  -2.4136
 0.278  0.7282
 0.279  3.5702
 0.280  -2.8313
 0.281  -3.3876
 0.282  5.4441
 0.283  1.4584
 0.284  -7.4221
 0.285  1.9182
 0.286  7.7418
 0.287  -5.8077
 0.288  -5.9026
 0.289  8.9516
 0.290  2.1493
 0.291  -10.2108
 0.292  2.5675
 0.293  8.9858
 0.294  -6.8866
 0.295  -5.4641
 0.296  9.4885
 0.297  0.6020
 0.298  -9.5519
 0.299  4.1624
 0.300  7.0552
 0.301  -7.3746
 0.302  -2.8138
 0.303  8.0525
 0.304  -1.7675
 0.305  -6.0330
 0.306  5.1501
 0.307  2.0543
 0.308  -6.1772
 0.309  2.4640
 0.310  4.4764
 0.311  -5.8755
 0.312  -0.6109
 0.313  6.8537
 0.314  -4.0782
 0.315  -4.8500
 0.316  7.8945
 0.317  0.3083
 0.318  -9.3392
 0.319  5.4389
 0.320  7.6166
 0.321  -10.5687
 0.322  -2.9247
 0.323  13.3361
 0.324  -3.5678
 0.325  -12.6333
 0.326  10.0565
 0.327  8.3588
 0.328  -14.6451
 0.329  -1.4777
 0.330  15.9267
 0.331  -6.2500
 0.332  -13.4185
 0.333  12.7885
 0.334  7.7122
 0.335  -16.4300
 0.336  -0.2940
 0.337  16.2940
 0.338  -6.9074
 0.339  -12.5665
 0.340  12.0978
 0.341  6.4103
 0.342  -14.1386
 0.343  0.4185
 0.344  12.8473
 0.345  -6.1210
 0.346  -8.9916
 0.347  9.3927
 0.348  3.9885
 0.349  -9.7784
 0.350  0.5841
 0.351  7.7396
 0.352  -3.4977
 0.353  -4.4248
 0.354  4.2373
 0.355  1.2308
 0.356  -3.1075
 0.357  0.6910
 0.358  1.0535
 0.359  -0.8136
 0.360  0.7285
 0.361  -0.6219
 0.362  -1.2512
 0.363  2.7416
 0.364  0.1031
 0.365  -4.3956
 0.366  2.4023
 0.367  4.6061
 0.368  -5.3479
 0.369  -2.9454
 0.370  7.5545
 0.371  -0.2881
 0.372  -8.0238
 0.373  4.1599
 0.374  6.3215
 0.375  -7.4231
 0.376  -2.7648
 0.377  8.9617
 0.378  -1.6569
 0.379  -8.1979
 0.380  5.6044
 0.381  5.3179
 0.382  -7.8459
 0.383  -1.2328
 0.384  7.6910
 0.385  -2.7181
 0.386  -5.2499
 0.387  5.2227
 0.388  1.4205
 0.389  -5.4559
 0.390  2.3978
 0.391  3.3842
 0.392  -4.7746
 0.393  0.1950
 0.394  4.7467
 0.395  -3.9014
 0.396  -2.1743
 0.397  6.2304
 0.398  -2.1703
 0.399  -6.0725
 0.400  6.8210
 0.401  3.1199
 0.402  -10.0787
 0.403  1.9801
 0.404  10.5708
 0.405  -7.7855
 0.406  -7.7247
 0.407  12.4889
 0.408  1.9996
 0.409  -14.4835
 0.410  5.2067
 0.411  12.8842
 0.412  -11.9533
 0.413  -7.8350
 0.414  16.3337
 0.415  0.5001
 0.416  -17.0542
 0.417  7.2637
 0.418  13.8307
 0.419  -13.4509
 0.420  -7.4788
 0.421  16.4993
 0.422  -0.3317
 0.423  -15.7426
 0.424  7.5776
 0.425  11.5848
 0.426  -12.4818
 0.427  -5.3446
 0.428  14.0208
 0.429  -1.1737
 0.430  -12.1862
 0.431  6.2427
 0.432  7.9236
 0.433  -8.7255
 0.434  -2.7802
 0.435  8.3794
 0.436  -1.6165
 0.437  -5.8606
 0.438  4.0763
 0.439  2.4394
 0.440  -4.1917
 0.441  0.4686
 0.442  2.4072
 0.443  -1.7942
 0.444  0.2001
 0.445  1.1628
 0.446  -2.3424
 0.447  1.0121
 0.448  2.9953
 0.449  -3.7149
 0.450  -1.7601
 0.451  5.7202
 0.452  -1.0069
 0.453  -6.0512
 0.454  4.3377
 0.455  4.3420
 0.456  -7.0134
 0.457  -0.9781
 0.458  8.0111
 0.459  -3.0334
 0.460  -6.8791
 0.461  6.4169
 0.462  3.9075
 0.463  -8.0806
 0.464  -0.0340
 0.465  7.5087
 0.466  -3.4834
 0.467  -4.9537
 0.468  5.5126
 0.469  1.3593
 0.470  -5.4547
 0.471  1.9643
 0.472  3.4688
 0.473  -3.8023
 0.474  -0.4301
 0.475  3.4760
 0.476  -2.3696
 0.477  -1.1062
 0.478  3.6799
 0.479  -2.3973
 0.480  -2.7534
 0.481  5.6245
 0.482  -0.3521
 0.483  -7.1436
 0.484  4.7401
 0.485  6.0086
 0.486  -8.9331
 0.487  -2.1263
 0.488  11.3444
 0.489  -3.6487
 0.490  -10.8127
 0.491  9.7314
 0.492  7.0224
 0.493  -14.2769
 0.494  -0.6652
 0.495  15.7561
 0.496  -6.7174
 0.497  -13.4535
 0.498  13.1708
 0.499  7.7245
 0.500  -16.9084
 0.501  0.0761
 0.502  16.8554
 0.503  -7.9754
 0.504  -12.9821
 0.505  13.9587
 0.506  6.3188
 0.507  -16.5592
 0.508  1.3517
 0.509  15.2791
 0.510  -8.0290
 0.511  -10.7100
 0.512  12.0871
 0.513  4.3210
 0.514  -12.7385
 0.515  2.0141
 0.516  10.2270
 0.517  -6.5969
 0.518  -5.6952
 0.519  8.4057
 0.520  0.7782
 0.521  -7.3627
 0.522  2.9396
 0.523  4.2898
 0.524  -4.4253
 0.525  -0.5795
 0.526  3.4959
 0.527  -2.3023
 0.528  -0.8231
 0.529  3.3115
 0.530  -2.3449
 0.531  -2.1565
 0.532  4.6447
 0.533  -0.6404
 0.534  -5.0791
 0.535  3.9617
 0.536  3.3575
 0.537  -6.5110
 0.538  0.0184
 0.539  7.2777
 0.540  -3.9456
 0.541  -5.8901
 0.542  7.1174
 0.543  2.7360
 0.544  -8.4853
 0.545  1.1851
 0.546  7.6239
 0.547  -4.6246
 0.548  -4.8737
 0.549  6.5297
 0.550  1.2121
 0.551  -6.4156
 0.552  2.1007
 0.553  4.5317
 0.554  -3.9749
 0.555  -1.7632
 0.556  3.8850
 0.557  -0.6979
 0.558  -2.0641
 0.559  1.7974
 0.560  -0.5740
 0.561  -1.0225
 0.562  2.7613
 0.563  -1.3822
 0.564  -3.3402
 0.565  4.4675
 0.566  1.7072
 0.567  -6.8920
 0.568  1.9229
 0.569  7.3929
 0.570  -6.5303
 0.571  -5.2571
 0.572  10.5879
 0.573  0.6275
 0.574  -12.5528
 0.575  5.4665
 0.576  11.3916
 0.577  -11.3785
 0.578  -6.9657
 0.579  15.3359
 0.580  0.1409
 0.581  -15.9989
 0.582  7.4226
 0.583  12.9061
 0.584  -13.7426
 0.585  -6.6592
 0.586  17.1049
 0.587  -1.2203
 0.588  -16.5842
 0.589  8.7228
 0.590  12.3309
 0.591  -13.9395
 0.592  -5.5298
 0.593  15.6244
 0.594  -1.9559
 0.595  -13.5520
 0.596  8.1453
 0.597  8.5611
 0.598  -11.5270
 0.599  -2.2717
 0.600  11.4895
 0.601  -3.4309
 0.602  -8.4629
 0.603  6.9793
 0.604  3.7328
 0.605  -7.5886
 0.606  1.0044
 0.607  5.4583
 0.608  -4.1990
 0.609  -1.6547
 0.610  4.9338
 0.611  -2.2807
 0.612  -3.1852
 0.613  4.8597
 0.614  -0.2165
 0.615  -5.1392
 0.616  3.9070
 0.617  3.0143
 0.618  -6.4707
 0.619  0.7770
 0.620  6.9231
 0.621  -4.9308
 0.622  -5.0305
 0.623  8.0353
 0.624  1.3657
 0.625  -9.0514
 0.626  2.9122
 0.627  7.6536
 0.628  -6.4707
 0.629  -4.3182
 0.630  8.2634
 0.631  0.1357
 0.632  -7.8778
 0.633  3.5830
 0.634  5.6515
 0.635  -5.7659
 0.636  -2.5238
 0.637  5.9446
 0.638  -0.3247
 0.639  -4.3975
 0.640  1.9107
 0.641  2.0235
 0.642  -1.8109
 0.643  0.0074
 0.644  0.3175
 0.645  -0.7035
 0.646  1.6712
 0.647  -0.3611
 0.648  -2.9890
 0.649  2.8592
 0.650  2.6519
 0.651  -5.7964
 0.652  -0.2607
 0.653  7.8477
 0.654  -3.7904
 0.655  -7.8321
 0.656  8.3810
 0.657  5.1647
 0.658  -11.9973
 0.659  -0.1274
 0.660  13.2266
 0.661  -6.1455
 0.662  -11.2511
 0.663  11.9718
 0.664  6.1734
 0.665  -15.6281
 0.666  0.9439
 0.667  15.8965
 0.668  -8.3480
 0.669  -12.4745
 0.670  14.1000
 0.671  6.1089
 0.672  -16.6561
 0.673  1.5956
 0.674  15.3426
 0.675  -8.6391
 0.676  -10.5706
 0.677  13.2187
 0.678  3.7184
 0.679  -14.2620
 0.680  3.2829
 0.681  11.7367
 0.682  -8.5336
 0.683  -6.6364
 0.684  10.7334
 0.685  0.6512
 0.686  -9.5557
 0.687  4.3712
 0.688  5.7128
 0.689  -6.9992
 0.690  -0.6945
 0.691  6.6452
 0.692  -3.7291
 0.693  -3.7137
 0.694  6.0802
 0.695  -0.5710
 0.696  -5.6353
 0.697  4.5942
 0.698  2.6309
 0.699  -6.8909
 0.700  1.8459
 0.701  6.6211
 0.702  -6.2395
 0.703  -3.8246
 0.704  9.0479
 0.705  -0.6199
 0.706  -9.3125
 0.707  5.3094
 0.708  6.9132
 0.709  -8.7938
 0.710  -2.5799
 0.711  10.0521
 0.712  -2.3758
 0.713  -8.8083
 0.714  6.5124
 0.715  5.5869
 0.716  -8.7350
 0.717  -1.4969
 0.718  8.6366
 0.719  -2.1743
 0.720  -6.5919
 0.721  4.4110
 0.722  3.5794
 0.723  -4.8076
 0.724  -0.7985
 0.725  3.6771
 0.726  -0.7769
 0.727  -1.8977
 0.728  0.7522
 0.729  0.5526
 0.730  0.5530
 0.731  -0.4963
 0.732  -2.2380
 0.733  2.0027
 0.734  3.1729
 0.735  -4.6254
 0.736  -2.4468
 0.737  7.3264
 0.738  -0.2481
 0.739  -8.8340
 0.740  4.4388
 0.741  8.1111
 0.742  -8.9697
 0.743  -4.7702
 0.744  12.3541
 0.745  -0.7132
 0.746  -13.2684
 0.747  7.0744
 0.748  11.0216
 0.749  -12.6080
 0.750  -5.8413
 0.751  15.6872
 0.752  -1.1302
 0.753  -15.2872
 0.754  8.1393
 0.755  11.3396
 0.756  -13.3346
 0.757  -4.7962
 0.758  15.3304
 0.759  -2.6267
 0.760  -13.6380
 0.761  8.9508
 0.762  8.8254
 0.763  -12.5286
 0.764  -2.3492
 0.765  12.5384
 0.766  -3.8912
 0.767  -9.2262
 0.768  8.1357
 0.769  3.8145
 0.770  -9.2997
 0.771  1.8917
 0.772  7.2916
 0.773  -6.0764
 0.774  -3.0153
 0.775  7.4794
 0.776  -1.9423
 0.777  -5.7782
 0.778  5.8330
 0.779  1.6666
 0.780  -7.3112
 0.781  3.3911
 0.782  5.8556
 0.783  -7.6458
 0.784  -1.9188
 0.785  9.6300
 0.786  -3.2402
 0.787  -8.6206
 0.788  7.9778
 0.789  4.8535
 0.790  -10.8006
 0.791  0.5758
 0.792  10.8374
 0.793  -6.0822
 0.794  -8.0953
 0.795  10.1069
 0.796  3.4242
 0.797  -11.6047
 0.798  1.7906
 0.799  10.3469
 0.800  -6.0967
 0.801  -6.9449
 0.802  8.4436
 0.803  2.5975
 0.804  -8.4954
 0.805  1.3425
 0.806  6.6859
 0.807  -3.8309
 0.808  -4.0083
 0.809  4.4639
 0.810  1.6188
 0.811  -3.5684
 0.812  -0.3994
 0.813  2.0276
 0.814  0.6350
 0.815  -0.9082
 0.816  -1.9205
 0.817  1.0265
 0.818  3.3291
 0.819  -2.6117
 0.820  -3.7822
 0.821  5.1882
 0.822  2.4892
 0.823  -7.7250
 0.824  0.7035
 0.825  9.0019
 0.826  -5.1829
 0.827  -8.0684
 0.828  9.7155
 0.829  4.6332
 0.830  -12.8293
 0.831  0.7575
 0.832  13.3084
 0.833  -6.8260
 0.834  -10.6329
 0.835  11.9276
 0.836  5.2114
 0.837  -14.5623
 0.838  1.6829
 0.839  13.8667
 0.840  -8.2627
 0.841  -9.9200
 0.842  12.7599
 0.843  3.7581
 0.844  -13.9721
 0.845  2.9188
 0.846  11.6447
 0.847  -8.2569
 0.848  -6.5635
 0.849  10.8175
 0.850  0.3197
 0.851  -10.0220
 0.852  5.1795
 0.853  6.3272
 0.854  -8.3029
 0.855  -1.0757
 0.856  8.2010
 0.857  -3.9357
 0.858  -5.0639
 0.859  7.0289
 0.860  0.0497
 0.861  -7.1776
 0.862  5.0928
 0.863  4.3281
 0.864  -8.5863
 0.865  0.5918
 0.866  9.1903
 0.867  -5.9771
 0.868  -6.5903
 0.869  10.0630
 0.870  1.4894
 0.871  -11.4853
 0.872  4.6242
 0.873  9.7065
 0.874  -9.9527
 0.875  -5.1706
 0.876  12.9517
 0.877  -0.8552
 0.878  -12.7986
 0.879  6.6948
 0.880  9.6197
 0.881  -10.7940
 0.882  -4.4105
 0.883  12.1923
 0.884  -1.3152
 0.885  -10.7845
 0.886  6.0239
 0.887  7.2964
 0.888  -8.6405
 0.889  -2.9902
 0.890  8.8491
 0.891  -0.7882
 0.892  -7.1255
 0.893  3.0646
 0.894  4.5004
 0.895  -3.5376
 0.896  -2.1462
 0.897  2.6271
 0.898  0.9374
 0.899  -1.2617
 0.900  -1.1398
 0.901  0.4863
 0.902  2.3355
 0.903  -1.0335
 0.904  -3.6082
 0.905  3.0154
 0.906  3.9192
 0.907  -5.8482
 0.908  -2.5369
 0.909  8.4407
 0.910  -0.6364
 0.911  -9.5849
 0.912  4.9619
 0.913  8.4124
 0.914  -9.2316
 0.915  -4.7561
 0.916  12.0552
 0.917  -0.7168
 0.918  -12.3372
 0.919  6.6569
 0.920  9.6823
 0.921  -11.4294
 0.922  -4.5836
 0.923  13.6310
 0.924  -1.6795
 0.925  -12.5569
 0.926  7.4100
 0.927  8.4581
 0.928  -11.0159
 0.929  -2.4984
 0.930  11.5169
 0.931  -3.5861
 0.932  -8.8687
 0.933  8.0195
 0.934  3.9925
 0.935  -9.5432
 0.936  1.5049
 0.937  7.8165
 0.938  -5.8361
 0.939  -3.5296
 0.940  7.6020
 0.941  -1.8122
 0.942  -6.2423
 0.943  6.3657
 0.944  2.2202
 0.945  -8.5383
 0.946  3.1204
 0.947  7.4984
 0.948  -7.9799
 0.949  -3.4460
 0.950  10.6758
 0.951  -2.4451
 0.952  -10.1798
 0.953  8.3924
 0.954  6.4470
 0.955  -12.5614
 0.956  -0.4333
 0.957  13.6344
 0.958  -6.2020
 0.959  -11.2119
 0.960  11.6105
 0.961  5.9213
 0.962  -14.3198
 0.963  0.7949
 0.964  13.6692
 0.965  -7.1379
 0.966  -9.9794
 0.967  11.5060
 0.968  4.4119
 0.969  -12.9633
 0.970  1.4301
 0.971  11.4784
 0.972  -6.0193
 0.973  -7.8639
 0.974  8.3705
 0.975  3.4509
 0.976  -8.3027
 0.977  0.3838
 0.978  6.4217
 0.979  -2.6737
 0.980  -3.8389
 0.981  3.1484
 0.982  1.7335
 0.983  -2.2599
 0.984  -0.9154
 0.985  0.9500
 0.986  1.5409
 0.987  -0.2495
 0.988  -3.0793
 0.989  0.8564
 0.990  4.5371
 0.991  -2.8470
 0.992  -4.8586
 0.993  5.6237
 0.994  3.3561
 0.995  -8.1197
 0.996  -0.0151
 0.997  9.1905
 0.998  -4.4400
 0.999  -8.0531
 1.000  8.7506
 1.001  4.6154
 1.002  -11.5331
 1.003  0.4260
 1.004  11.7573
 1.005  -5.7635
 1.006  -9.1277
 1.007  9.8807
 1.008  4.2321
 1.009  -11.5470
 1.010  1.6030
 1.011  10.2402
 1.012  -6.7105
 1.013  -6.3484
 1.014  9.6099
 1.015  1.0768
 1.016  -9.4904
 1.017  3.9191
 1.018  6.4890
 1.019  -7.0600
 1.020  -1.6649
 1.021  7.3582
 1.022  -3.3266
 1.023  -4.7516
 1.024  6.7621
 1.025  0.1432
 1.026  -7.4095
 1.027  4.8743
 1.028  4.9387
 1.029  -8.5227
 1.030  -0.0472
 1.031  9.4137
 1.032  -5.7438
 1.033  -7.0070
 1.034  10.5597
 1.035  1.8056
 1.036  -12.7619
 1.037  4.7807
 1.038  11.4678
 1.039  -10.8592
 1.040  -6.8359
 1.041  14.6334
 1.042  0.0258
 1.043  -14.9529
 1.044  7.1523
 1.045  11.6607
 1.046  -12.7865
 1.047  -5.6302
 1.048  15.4333
 1.049  -1.5155
 1.050  -14.5317
 1.051  7.9079
 1.052  10.5334
 1.053  -11.9962
 1.054  -4.7165
 1.055  12.9906
 1.056  -1.2471
 1.057  -11.0476
 1.058  5.8236
 1.059  7.1500
 1.060  -8.0743
 1.061  -2.7298
 1.062  7.8924
 1.063  -0.8291
 1.064  -5.9525
 1.065  2.6413
 1.066  3.4037
 1.067  -2.5733
 1.068  -1.4208
 1.069  1.2226
 1.070  0.7749
 1.071  0.3596
 1.072  -1.5705
 1.073  -1.0978
 1.074  3.2383
 1.075  0.3183
 1.076  -4.7786
 1.077  1.9813
 1.078  5.1655
 1.079  -5.1131
 1.080  -3.7630
 1.081  7.9389
 1.082  0.6030
 1.083  -9.2839
 1.084  3.5787
 1.085  8.3797
 1.086  -7.5661
 1.087  -5.1758
 1.088  10.0725
 1.089  0.4086
 1.090  -10.1952
 1.091  4.6067
 1.092  7.7562
 1.093  -8.3952
 1.094  -3.4044
 1.095  9.8140
 1.096  -1.5640
 1.097  -8.4501
 1.098  5.6143
 1.099  4.7835
 1.100  -7.4796
 1.101  -0.0555
 1.102  6.5945
 1.103  -4.1246
 1.104  -3.3072
 1.105  6.3069
 1.106  -1.2082
 1.107  -5.6911
 1.108  5.3193
 1.109  2.4140
 1.110  -7.4666
 1.111  2.4661
 1.112  6.6890
 1.113  -7.2889
 1.114  -2.9670
 1.115  10.3191
 1.116  -2.7309
 1.117  -10.3122
 1.118  8.7230
 1.119  6.9350
 1.120  -13.1260
 1.121  -0.9045
 1.122  14.4434
 1.123  -6.2053
 1.124  -12.0444
 1.125  12.4287
 1.126  6.3772
 1.127  -16.0013
 1.128  1.1494
 1.129  15.8926
 1.130  -8.5827
 1.131  -12.1113
 1.132  14.0064
 1.133  5.6891
 1.134  -16.1034
 1.135  1.6461
 1.136  14.5250
 1.137  -8.0018
 1.138  -9.9538
 1.139  11.8834
 1.140  3.8503
 1.141  -12.6111
 1.142  2.0298
 1.143  10.4649
 1.144  -6.1846
 1.145  -6.5206
 1.146  7.8057
 1.147  2.2456
 1.148  -6.9701
 1.149  1.0071
 1.150  4.5329
 1.151  -2.4329
 1.152  -1.7698
 1.153  1.9968
 1.154  -0.1010
 1.155  -0.3782
 1.156  0.3509
 1.157  -1.3331
 1.158  1.0202
 1.159  2.0739
 1.160  -3.3143
 1.161  -1.2200
 1.162  5.4188
 1.163  -1.1713
 1.164  -6.2373
 1.165  4.3733
 1.166  5.1134
 1.167  -7.2509
 1.168  -2.0964
 1.169  8.6774
 1.170  -2.0464
 1.171  -7.9580
 1.172  6.0784
 1.173  5.1076
 1.174  -8.7179
 1.175  -0.8827
 1.176  9.0905
 1.177  -3.4529
 1.178  -7.0518
 1.179  6.5493
 1.180  3.2629
 1.181  -7.4377
 1.182  1.0129
 1.183  5.8807
 1.184  -4.3288
 1.185  -2.4803
 1.186  5.5499
 1.187  -1.5017
 1.188  -4.2567
 1.189  4.5578
 1.190  0.9153
 1.191  -5.4492
 1.192  3.2510
 1.193  3.6489
 1.194  -6.6520
 1.195  0.4401
 1.196  7.8616
 1.197  -5.5720
 1.198  -6.1137
 1.199  10.0309
 1.200  1.5962
 1.201  -12.1767
 1.202  4.5585
 1.203  10.9870
 1.204  -10.5926
 1.205  -6.4195
 1.206  14.6554
 1.207  -0.5274
 1.208  -15.3808
 1.209  8.0827
 1.210  12.3261
 1.211  -14.2187
 1.212  -6.1303
 1.213  17.2551
 1.214  -1.6608
 1.215  -16.3623
 1.216  9.0491
 1.217  11.8047
 1.218  -14.1739
 1.219  -4.8503
 1.220  15.8534
 1.221  -2.6230
 1.222  -13.9073
 1.223  8.6966
 1.224  9.1666
 1.225  -11.9749
 1.226  -3.1730
 1.227  11.9677
 1.228  -2.3265
 1.229  -9.1757
 1.230  5.9238
 1.231  4.8636
 1.232  -6.9567
 1.233  -0.6044
 1.234  5.6547
 1.235  -2.2487
 1.236  -2.9854
 1.237  2.9877
 1.238  0.2664
 1.239  -1.7369
 1.240  1.3186
 1.241  -0.6509
 1.242  -1.1329
 1.243  2.9444
 1.244  -0.7107
 1.245  -3.9993
 1.246  3.4197
 1.247  3.1792
 1.248  -5.8342
 1.249  -0.5834
 1.250  6.8656
 1.251  -2.9919
 1.252  -5.9059
 1.253  6.3426
 1.254  3.0622
 1.255  -8.2918
 1.256  0.8662
 1.257  8.1168
 1.258  -4.6616
 1.259  -5.8160
 1.260  7.1152
 1.261  2.1225
 1.262  -7.4597
 1.263  1.7452
 1.264  5.6524
 1.265  -4.5072
 1.266  -2.4066
 1.267  5.2779
 1.268  -1.0453
 1.269  -3.8893
 1.270  3.3801
 1.271  0.9691
 1.272  -3.6584
 1.273  2.2619
 1.274  1.6800
 1.275  -4.4096
 1.276  1.9073
 1.277  4.4031
 1.278  -5.7914
 1.279  -1.8993
 1.280  8.4203
 1.281  -2.5476
 1.282  -8.5311
 1.283  7.6172
 1.284  5.6069
 1.285  -11.6223
 1.286  -0.1069
 1.287  13.0504
 1.288  -6.6165
 1.289  -11.0741
 1.290  12.6970
 1.291  5.8595
 1.292  -16.3151
 1.293  1.4327
 1.294  16.2658
 1.295  -8.9617
 1.296  -12.3489
 1.297  14.7430
 1.298  5.4574
 1.299  -17.2389
 1.300  2.6699
 1.301  15.8180
 1.302  -9.9557
 1.303  -10.9381
 1.304  14.5932
 1.305  3.9966
 1.306  -15.5671
 1.307  3.1026
 1.308  12.9251
 1.309  -8.5270
 1.310  -7.7194
 1.311  11.0529
 1.312  1.6440
 1.313  -10.3971
 1.314  3.5112
 1.315  7.2416
 1.316  -6.4118
 1.317  -2.9547
 1.318  6.5604
 1.319  -0.8911
 1.320  -4.3923
 1.321  3.0429
 1.322  1.0662
 1.323  -2.9589
 1.324  1.9712
 1.325  0.9445
 1.326  -3.4944
 1.327  2.0032
 1.328  2.9094
 1.329  -4.5803
 1.330  -0.4331
 1.331  5.6520
 1.332  -3.0142
 1.333  -4.6557
 1.334  6.1548
 1.335  1.7924
 1.336  -7.8165
 1.337  2.0536
 1.338  7.3466
 1.339  -5.6356
 1.340  -4.8373
 1.341  7.7894
 1.342  1.0849
 1.343  -7.8460
 1.344  2.6993
 1.345  5.8667
 1.346  -5.3221
 1.347  -2.6176
 1.348  6.0326
 1.349  -0.7070
 1.350  -4.7881
 1.351  2.9170
 1.352  2.2657
 1.353  -3.2618
 1.354  0.3860
 1.355  1.7146
 1.356  -1.9697
 1.357  0.9990
 1.358  1.6903
 1.359  -3.6441
 1.360  0.5264
 1.361  4.9135
 1.362  -3.9645
 1.363  -3.9110
 1.364  7.3302
 1.365  0.5135
 1.366  -9.1820
 1.367  4.5192
 1.368  8.4380
 1.369  -9.7348
 1.370  -4.7881
 1.371  13.4278
 1.372  -1.1328
 1.373  -14.1892
 1.374  7.8789
 1.375  11.3883
 1.376  -13.6028
 1.377  -5.4260
 1.378  16.6144
 1.379  -2.3326
 1.380  -15.9131
 1.381  9.9310
 1.382  11.5190
 1.383  -15.3911
 1.384  -4.4959
 1.385  17.2999
 1.386  -3.3491
 1.387  -15.2303
 1.388  9.9962
 1.389  9.8631
 1.390  -13.8083
 1.391  -2.7704
 1.392  14.0047
 1.393  -4.0682
 1.394  -10.8656
 1.395  8.8639
 1.396  5.6064
 1.397  -10.5432
 1.398  0.0318
 1.399  9.0345
 1.400  -4.3422
 1.401  -5.2338
 1.402  6.1790
 1.403  0.6683
 1.404  -5.2862
 1.405  3.0245
 1.406  2.3267
 1.407  -4.6310
 1.408  1.3861
 1.409  3.7334
 1.410  -4.3595
 1.411  -0.8072
 1.412  5.4323
 1.413  -2.9820
 1.414  -4.1563
 1.415  6.2018
 1.416  0.9253
 1.417  -7.6506
 1.418  3.1852
 1.419  6.7602
 1.420  -6.8047
 1.421  -3.7694
 1.422  8.7445
 1.423  -0.3816
 1.424  -8.4001
 1.425  4.3939
 1.426  5.9423
 1.427  -7.0663
 1.428  -2.2359
 1.429  7.7045
 1.430  -1.4809
 1.431  -6.3423
 1.432  4.0421
 1.433  3.7012
 1.434  -4.7662
 1.435  -0.9053
 1.436  3.6895
 1.437  -0.9448
 1.438  -1.5395
 1.439  1.1860
 1.440  -0.5448
 1.441  0.1524
 1.442  1.4468
 1.443  -2.3485
 1.444  -0.5082
 1.445  4.2454
 1.446  -2.1898
 1.447  -4.6811
 1.448  5.8056
 1.449  2.9410
 1.450  -8.9917
 1.451  0.9271
 1.452  10.3484
 1.453  -6.0526
 1.454  -8.9236
 1.455  10.9703
 1.456  4.5906
 1.457  -14.0701
 1.458  1.8322
 1.459  14.1260
 1.460  -8.7711
 1.461  -10.7284
 1.462  14.3466
 1.463  4.4737
 1.464  -16.9429
 1.465  3.1631
 1.466  15.7183
 1.467  -10.2393
 1.468  -10.8888
 1.469  14.9150
 1.470  3.6896
 1.471  -16.0061
 1.472  3.9791
 1.473  13.3405
 1.474  -10.1130
 1.475  -7.8066
 1.476  13.1974
 1.477  1.0751
 1.478  -12.6467
 1.479  4.9177
 1.480  8.9527
 1.481  -8.5602
 1.482  -3.4988
 1.483  9.0435
 1.484  -1.8969
 1.485  -6.5777
 1.486  5.5613
 1.487  2.2823
 1.488  -6.4821
 1.489  2.2077
 1.490  4.5970
 1.491  -5.2871
 1.492  -0.7706
 1.493  5.8997
 1.494  -3.5251
 1.495  -3.8621
 1.496  6.7160
 1.497  -0.1053
 1.498  -7.6457
 1.499  4.6443
 1.500  5.9420
 1.501  -8.2259
 1.502  -2.1129
 1.503  9.6595
 1.504  -2.6504
 1.505  -8.4742
 1.506  6.8885
 1.507  5.0500
 1.508  -9.3636
 1.509  -0.4613
 1.510  9.4554
 1.511  -3.9058
 1.512  -7.3352
 1.513  6.8281
 1.514  3.8641
 1.515  -7.6463
 1.516  -0.2595
 1.517  6.4577
 1.518  -2.3491
 1.519  -4.0390
 1.520  3.3157
 1.521  1.5303
 1.522  -2.6883
 1.523  0.0037
 1.524  1.1601
 1.525  0.0220
 1.526  0.2183
 1.527  -1.4872
 1.528  -0.4616
 1.529  3.6028
 1.530  -0.9449
 1.531  -5.1994
 1.532  3.8058
 1.533  5.1697
 1.534  -7.2335
 1.535  -2.9101
 1.536  9.9268
 1.537  -1.3969
 1.538  -10.6202
 1.539  6.7663
 1.540  8.5528
 1.541  -11.6780
 1.542  -3.7927
 1.543  14.5480
 1.544  -2.7025
 1.545  -14.2523
 1.546  9.3224
 1.547  10.5290
 1.548  -14.2713
 1.549  -4.1194
 1.550  16.1216
 1.551  -3.4086
 1.552  -14.2733
 1.553  10.1061
 1.554  9.1685
 1.555  -14.2227
 1.556  -2.1832
 1.557  14.7359
 1.558  -4.7734
 1.559  -11.6622
 1.560  9.8315
 1.561  6.0480
 1.562  -11.7235
 1.563  0.3582
 1.564  10.1595
 1.565  -5.6494
 1.566  -5.8961
 1.567  8.3464
 1.568  0.4785
 1.569  -7.8417
 1.570  4.2614
 1.571  4.5618
 1.572  -6.7881
 1.573  0.1995
 1.574  6.3410
 1.575  -4.7189
 1.576  -3.1563
 1.577  7.4070
 1.578  -1.6333
 1.579  -7.3153
 1.580  6.3842
 1.581  4.4247
 1.582  -9.4823
 1.583  0.3721
 1.584  9.8611
 1.585  -5.5804
 1.586  -7.3308
 1.587  9.5990
 1.588  2.6156
 1.589  -11.2329
 1.590  2.9036
 1.591  10.0579
 1.592  -7.6509
 1.593  -6.5212
 1.594  10.3624
 1.595  1.7542
 1.596  -10.4715
 1.597  2.8305
 1.598  8.2477
 1.599  -6.0146
 1.600  -4.6523
 1.601  7.1608
 1.602  0.9683
 1.603  -6.3803
 1.604  1.6615
 1.605  4.4327
 1.606  -2.6257
 1.607  -2.3996
 1.608  2.0309
 1.609  1.2544
 1.610  -0.6209
 1.611  -1.4837
 1.612  -0.5380
 1.613  2.8973
 1.614  0.4905
 1.615  -4.6958
 1.616  1.2107
 1.617  5.7751
 1.618  -4.2906
 1.619  -5.1586
 1.620  7.8023
 1.621  2.4058
 1.622  -10.4320
 1.623  2.1540
 1.624  10.9575
 1.625  -7.4548
 1.626  -8.7058
 1.627  11.9930
 1.628  3.8467
 1.629  -14.3033
 1.630  2.5851
 1.631  13.4537
 1.632  -8.9605
 1.633  -9.3922
 1.634  13.5390
 1.635  3.0229
 1.636  -15.0122
 1.637  4.0260
 1.638  12.9303
 1.639  -9.8767
 1.640  -7.8682
 1.641  12.9707
 1.642  1.2711
 1.643  -12.5519
 1.644  4.9769
 1.645  8.9052
 1.646  -9.1288
 1.647  -3.2712
 1.648  10.1100
 1.649  -2.5404
 1.650  -7.8445
 1.651  6.7163
 1.652  3.2652
 1.653  -8.0069
 1.654  1.9936
 1.655  6.1119
 1.656  -6.1236
 1.657  -1.7636
 1.658  7.7194
 1.659  -3.5180
 1.660  -6.2212
 1.661  7.9181
 1.662  2.0826
 1.663  -9.9087
 1.664  3.3867
 1.665  8.7313
 1.666  -8.4477
 1.667  -4.6293
 1.668  11.4887
 1.669  -1.2413
 1.670  -11.5299
 1.671  7.1883
 1.672  8.5158
 1.673  -11.5198
 1.674  -3.3068
 1.675  13.0662
 1.676  -2.6190
 1.677  -11.5200
 1.678  7.6489
 1.679  7.4894
 1.680  -10.5411
 1.681  -2.2584
 1.682  10.7864
 1.683  -2.6580
 1.684  -8.7132
 1.685  6.0091
 1.686  5.3119
 1.687  -7.1894
 1.688  -1.8481
 1.689  6.3798
 1.690  -0.5948
 1.691  -4.4133
 1.692  1.4827
 1.693  2.4181
 1.694  -0.9835
 1.695  -1.3736
 1.696  -0.1446
 1.697  1.7359
 1.698  0.8822
 1.699  -3.2671
 1.700  -0.3755
 1.701  5.1294
 1.702  -1.6971
 1.703  -6.2085
 1.704  4.9533
 1.705  5.5536
 1.706  -8.3970
 1.707  -2.7742
 1.708  10.7466
 1.709  -1.7506
 1.710  -10.8915
 1.711  6.9312
 1.712  8.3171
 1.713  -11.2877
 1.714  -3.3484
 1.715  13.4266
 1.716  -2.8826
 1.717  -12.5180
 1.718  8.7478
 1.719  8.6077
 1.720  -12.6177
 1.721  -2.6540
 1.722  13.3813
 1.723  -3.7352
 1.724  -10.8194
 1.725  8.7855
 1.726  5.7021
 1.727  -11.1084
 1.728  0.4281
 1.729  10.1424
 1.730  -5.7264
 1.731  -6.3379
 1.732  8.6207
 1.733  1.0209
 1.734  -8.3082
 1.735  4.0243
 1.736  5.0120
 1.737  -7.1227
 1.738  0.0870
 1.739  7.2434
 1.740  -5.2245
 1.741  -4.3309
 1.742  8.6145
 1.743  -0.6748
 1.744  -9.0203
 1.745  6.1367
 1.746  6.1508
 1.747  -10.2412
 1.748  -0.7576
 1.749  11.5729
 1.750  -5.5984
 1.751  -9.5611
 1.752  11.0336
 1.753  4.6558
 1.754  -13.9254
 1.755  1.8192
 1.756  13.4065
 1.757  -8.0845
 1.758  -9.6148
 1.759  12.4563
 1.760  3.6246
 1.761  -13.8523
 1.762  2.9102
 1.763  12.0922
 1.764  -8.2805
 1.765  -7.9034
 1.766  11.2399
 1.767  2.6404
 1.768  -11.3507
 1.769  2.1809
 1.770  9.0538
 1.771  -5.3718
 1.772  -5.4502
 1.773  6.4233
 1.774  1.8802
 1.775  -5.6067
 1.776  0.5500
 1.777  3.8018
 1.778  -1.3315
 1.779  -2.1211
 1.780  0.6845
 1.781  1.4690
 1.782  0.5797
 1.783  -2.1941
 1.784  -1.4092
 1.785  3.9588
 1.786  0.9467
 1.787  -5.8705
 1.788  1.1116
 1.789  6.8279
 1.790  -4.3614
 1.791  -5.9576
 1.792  7.8013
 1.793  2.9843
 1.794  -10.1732
 1.795  1.6028
 1.796  10.4152
 1.797  -6.6548
 1.798  -8.0691
 1.799  10.7109
 1.800  3.4956
 1.801  -12.4788
 1.802  2.1859
 1.803  11.2844
 1.804  -7.4225
 1.805  -7.3350
 1.806  10.7163
 1.807  1.6988
 1.808  -11.1155
 1.809  4.0030
 1.810  8.5431
 1.811  -8.0981
 1.812  -3.8473
 1.813  9.3981
 1.814  -1.4499
 1.815  -7.5908
 1.816  5.6320
 1.817  3.3576
 1.818  -7.3403
 1.819  1.8299
 1.820  6.0214
 1.821  -6.1733
 1.822  -2.1206
 1.823  8.1243
 1.824  -3.0465
 1.825  -6.8914
 1.826  7.7061
 1.827  2.7103
 1.828  -10.1918
 1.829  3.2112
 1.830  9.4845
 1.831  -9.0591
 1.832  -5.5503
 1.833  12.9754
 1.834  -0.6313
 1.835  -13.6381
 1.836  7.3595
 1.837  10.6743
 1.838  -12.7307
 1.839  -4.7780
 1.840  15.2190
 1.841  -2.5039
 1.842  -14.1330
 1.843  9.2453
 1.844  9.8084
 1.845  -13.7214
 1.846  -3.4786
 1.847  14.9119
 1.848  -3.1273
 1.849  -12.7695
 1.850  8.3242
 1.851  8.1775
 1.852  -10.9726
 1.853  -2.6211
 1.854  10.7832
 1.855  -2.3121
 1.856  -8.3336
 1.857  5.4323
 1.858  4.8047
 1.859  -6.2865
 1.860  -1.5358
 1.861  5.2318
 1.862  -0.4444
 1.863  -3.2300
 1.864  0.7514
 1.865  1.4469
 1.866  0.2678
 1.867  -0.8017
 1.868  -1.7147
 1.869  1.6259
 1.870  2.5173
 1.871  -3.5509
 1.872  -1.8656
 1.873  5.6593
 1.874  -0.4514
 1.875  -6.8435
 1.876  3.9306
 1.877  6.2417
 1.878  -7.5051
 1.879  -3.5937
 1.880  9.9110
 1.881  -0.6142
 1.882  -10.1427
 1.883  5.2710
 1.884  7.8380
 1.885  -8.9958
 1.886  -3.4527
 1.887  10.6041
 1.888  -1.8437
 1.889  -9.5277
 1.890  6.5235
 1.891  6.0396
 1.892  -9.1959
 1.893  -1.1989
 1.894  9.0746
 1.895  -3.4739
 1.896  -6.2595
 1.897  6.4884
 1.898  1.7310
 1.899  -6.8829
 1.900  2.9502
 1.901  4.5602
 1.902  -6.1448
 1.903  -0.3451
 1.904  6.6778
 1.905  -4.2638
 1.906  -4.2427
 1.907  7.5735
 1.908  -0.4689
 1.909  -8.2534
 1.910  5.9609
 1.911  5.7894
 1.912  -10.3940
 1.913  -0.6834
 1.914  12.1690
 1.915  -5.6715
 1.916  -10.4470
 1.917  11.4040
 1.918  5.4373
 1.919  -14.7392
 1.920  1.6404
 1.921  14.5510
 1.922  -8.9104
 1.923  -10.7174
 1.924  14.4005
 1.925  4.1660
 1.926  -16.6316
 1.927  3.4050
 1.928  15.0505
 1.929  -10.0381
 1.930  -10.1744
 1.931  14.0991
 1.932  3.4057
 1.933  -14.7451
 1.934  3.4165
 1.935  12.1351
 1.936  -8.5809
 1.937  -7.3226
 1.938  11.0026
 1.939  1.8771
 1.940  -10.5001
 1.941  2.6367
 1.942  7.7726
 1.943  -5.1462
 1.944  -4.0973
 1.945  5.3701
 1.946  0.8588
 1.947  -3.8359
 1.948  0.9250
 1.949  1.6245
 1.950  -0.9229
 1.951  0.0614
 1.952  -0.4477
 1.953  -0.3511
 1.954  2.2273
 1.955  -0.9779
 1.956  -3.3083
 1.957  3.4284
 1.958  2.8731
 1.959  -5.9776
 1.960  -0.7186
 1.961  7.4667
 1.962  -2.6484
 1.963  -7.0433
 1.964  6.1779
 1.965  4.5006
 1.966  -8.6482
 1.967  -0.3903
 1.968  9.1102
 1.969  -4.1365
 1.970  -7.2473
 1.971  7.7079
 1.972  3.5199
 1.973  -9.2016
 1.974  0.9606
 1.975  8.1445
 1.976  -4.7933
 1.977  -4.9004
 1.978  6.7618
 1.979  0.5729
 1.980  -6.2616
 1.981  3.3481
 1.982  3.5301
 1.983  -5.4863
 1.984  0.4073
 1.985  5.0550
 1.986  -4.0629
 1.987  -2.1493
 1.988  5.9838
 1.989  -2.2516
 1.990  -5.2557
 1.991  6.5805
 1.992  1.8446
 1.993  -9.1866
 1.994  3.3450
 1.995  8.8874
 1.996  -8.7218
 1.997  -5.3852
 1.998  12.4968
 1.999  -0.5902
 2.000  -13.2546
 2.001  7.4673
 2.002  10.4243
 2.003  -13.2926
 2.004  -4.4946
 2.005  16.3235
 2.006  -3.1001
 2.007  -15.5658
 2.008  10.3911
 2.009  11.0866
 2.010  -15.4568
 2.011  -4.0020
 2.012  16.9917
 2.013  -3.8550
 2.014  -14.6855
 2.015  10.4815
 2.016  9.2941
 2.017  -14.2928
 2.018  -2.3850
 2.019  14.5674
 2.020  -4.1563
 2.021  -11.6148
 2.022  8.7002
 2.023  6.6195
 2.024  -10.3430
 2.025  -1.2238
 2.026  9.1273
 2.027  -3.0104
 2.028  -5.9537
 2.029  5.0814
 2.030  2.2214
 2.031  -4.8184
 2.032  0.6704
 2.033  2.8626
 2.034  -1.7944
 2.035  -0.3777
 2.036  0.9801
 2.037  -1.3999
 2.038  1.1741
 2.039  1.6146
 2.040  -3.5589
 2.041  -0.0894
 2.042  4.9836
 2.043  -2.6276
 2.044  -4.6248
 2.045  5.4808
 2.046  2.3351
 2.047  -7.3055
 2.048  1.2931
 2.049  7.2645
 2.050  -5.1321
 2.051  -5.1666
 2.052  7.9166
 2.053  1.5541
 2.054  -8.6966
 2.055  2.4744
 2.056  7.1842
 2.057  -5.6436
 2.058  -3.8714
 2.059  6.9529
 2.060  -0.1264
 2.061  -6.0397
 2.062  3.4504
 2.063  3.3242
 2.064  -4.9737
 2.065  0.1196
 2.066  4.2068
 2.067  -2.9303
 2.068  -1.4910
 2.069  3.9387
 2.070  -2.0944
 2.071  -2.5993
 2.072  5.0864
 2.073  -0.7810
 2.074  -6.1404
 2.075  5.1000
 2.076  4.5137
 2.077  -8.7970
 2.078  -0.3633
 2.079  10.3637
 2.080  -5.2474
 2.081  -8.8632
 2.082  10.6466
 2.083  4.2840
 2.084  -14.0670
 2.085  2.3934
 2.086  14.2117
 2.087  -9.4505
 2.088  -10.6910
 2.089  14.9303
 2.090  4.1844
 2.091  -17.2295
 2.092  3.7287
 2.093  15.5947
 2.094  -11.0214
 2.095  -10.3651
 2.096  15.8145
 2.097  2.8827
 2.098  -16.9292
 2.099  4.9047
 2.100  14.2240
 2.101  -11.0202
 2.102  -8.6113
 2.103  14.0359
 2.104  1.7557
 2.105  -13.4707
 2.106  4.4493
 2.107  9.8860
 2.108  -8.4548
 2.109  -4.6596
 2.110  9.4990
 2.111  -0.4849
 2.112  -7.7840
 2.113  4.0344
 2.114  4.3391
 2.115  -5.1475
 2.116  -0.6273
 2.117  3.8763
 2.118  -1.9670
 2.119  -1.0846
 2.120  2.5964
 2.121  -1.8984
 2.122  -1.2053
 2.123  3.7647
 2.124  -1.4968
 2.125  -3.6864
 2.126  4.3242
 2.127  1.5922
 2.128  -6.0598
 2.129  1.8273
 2.130  5.8964
 2.131  -5.3809
 2.132  -3.7241
 2.133  7.8085
 2.134  0.1644
 2.135  -8.2306
 2.136  3.6563
 2.137  6.4592
 2.138  -6.5105
 2.139  -3.0617
 2.140  7.5089
 2.141  -0.8424
 2.142  -6.4174
 2.143  3.9802
 2.144  3.7408
 2.145  -5.3785
 2.146  -0.5415
 2.147  4.7133
 2.148  -1.9450
 2.149  -2.4292
 2.150  2.7639
 2.151  -0.4150
 2.152  -1.6032
 2.153  2.5258
 2.154  -1.0663
 2.155  -2.8496
 2.156  4.1291
 2.157  0.9782
 2.158  -6.2029
 2.159  2.6602
 2.160  6.1304
 2.161  -6.8979
 2.162  -3.4194
 2.163  10.1901
 2.164  -1.5236
 2.165  -11.1284
 2.166  7.4561
 2.167  8.9367
 2.168  -12.6484
 2.169  -3.7811
 2.170  15.4159
 2.171  -3.2153
 2.172  -14.6637
 2.173  10.2690
 2.174  10.2667
 2.175  -15.4566
 2.176  -3.1571
 2.177  17.2975
 2.178  -4.9177
 2.179  -15.2130
 2.180  11.8951
 2.181  9.7152
 2.182  -16.0028
 2.183  -2.2626
 2.184  16.2796
 2.185  -5.1734
 2.186  -12.8483
 2.187  10.6957
 2.188  6.8571
 2.189  -13.0362
 2.190  -0.1090
 2.191  11.9066
 2.192  -5.4992
 2.193  -8.0382
 2.194  8.5500
 2.195  2.9052
 2.196  -8.5093
 2.197  1.7722
 2.198  5.8399
 2.199  -4.5810
 2.200  -1.7943
 2.201  4.8451
 2.202  -2.0344
 2.203  -2.7988
 2.204  4.2518
 2.205  -0.5461
 2.206  -4.1135
 2.207  3.7820
 2.208  1.7429
 2.209  -5.6048
 2.210  1.9479
 2.211  5.2579
 2.212  -5.5994
 2.213  -2.7751
 2.214  7.8850
 2.215  -1.0542
 2.216  -7.9652
 2.217  4.9783
 2.218  5.7630
 2.219  -7.7272
 2.220  -1.9697
 2.221  8.4532
 2.222  -2.2123
 2.223  -7.0131
 2.224  5.4984
 2.225  3.9988
 2.226  -6.9678
 2.227  -0.5087
 2.228  6.3735
 2.229  -2.2577
 2.230  -4.2081
 2.231  3.4366
 2.232  1.5043
 2.233  -2.8127
 2.234  0.5578
 2.235  0.8962
 2.236  -1.0975
 2.237  1.2668
 2.238  -0.1252
 2.239  -2.4857
 2.240  2.5980
 2.241  1.8837
 2.242  -5.2186
 2.243  0.7403
 2.244  6.6818
 2.245  -4.7780
 2.246  -5.9599
 2.247  8.9637
 2.248  2.7118
 2.249  -11.7702
 2.250  2.5273
 2.251  11.9241
 2.252  -8.4481
 2.253  -8.8665
 2.254  13.3425
 2.255  3.0036
 2.256  -15.6340
 2.257  4.3487
 2.258  14.3945
 2.259  -11.3187
 2.260  -9.6754
 2.261  16.0263
 2.262  2.5400
 2.263  -17.1550
 2.264  5.2219
 2.265  14.3641
 2.266  -11.6132
 2.267  -8.4068
 2.268  15.0207
 2.269  0.9152
 2.270  -14.6922
 2.271  6.0866
 2.272  10.9494
 2.273  -10.7860
 2.274  -5.0693
 2.275  12.1149
 2.276  -1.1264
 2.277  -10.0451
 2.278  5.8408
 2.279  5.5558
 2.280  -7.8501
 2.281  -0.2907
 2.282  6.8546
 2.283  -3.9834
 2.284  -3.5285
 2.285  5.9372
 2.286  -0.7423
 2.287  -5.0826
 2.288  4.3410
 2.289  1.8919
 2.290  -5.9586
 2.291  2.3964
 2.292  5.0126
 2.293  -6.2136
 2.294  -1.8147
 2.295  8.1898
 2.296  -2.5631
 2.297  -7.5998
 2.298  6.6688
 2.299  4.5812
 2.300  -9.1648
 2.301  -0.0604
 2.302  9.2694
 2.303  -4.5800
 2.304  -6.9960
 2.305  7.9751
 2.306  3.1185
 2.307  -9.2268
 2.308  1.1203
 2.309  8.1790
 2.310  -4.4506
 2.311  -5.4295
 2.312  6.0109
 2.313  2.0810
 2.314  -5.6267
 2.315  0.6748
 2.316  3.8384
 2.317  -1.9915
 2.318  -1.6697
 2.319  1.6668
 2.320  0.2248
 2.321  -0.1993
 2.322  -0.2554
 2.323  -1.4142
 2.324  1.8564
 2.325  2.0721
 2.326  -4.4020
 2.327  -1.0096
 2.328  6.7491
 2.329  -1.8695
 2.330  -7.6462
 2.331  5.8935
 2.332  6.2052
 2.333  -9.8022
 2.334  -2.2733
 2.335  12.1508
 2.336  -3.4314
 2.337  -11.8084
 2.338  9.4800
 2.339  8.3809
 2.340  -14.1461
 2.341  -2.4111
 2.342  15.9459
 2.343  -4.7225
 2.344  -14.1297
 2.345  11.1867
 2.346  8.9594
 2.347  -15.2385
 2.348  -1.6763
 2.349  15.7635
 2.350  -5.8414
 2.351  -12.6302
 2.352  11.6296
 2.353  6.7468
 2.354  -14.2236
 2.355  0.2061
 2.356  13.0964
 2.357  -6.2838
 2.358  -8.8073
 2.359  9.8664
 2.360  2.8154
 2.361  -10.1440
 2.362  2.9843
 2.363  7.3430
 2.364  -6.8526
 2.365  -2.6258
 2.366  7.7388
 2.367  -2.3027
 2.368  -5.5863
 2.369  5.7513
 2.370  1.3172
 2.371  -6.5810
 2.372  3.4918
 2.373  4.5553
 2.374  -7.1348
 2.375  -0.3911
 2.376  8.3288
 2.377  -4.4976
 2.378  -6.6148
 2.379  8.4750
 2.380  2.4841
 2.381  -10.2179
 2.382  2.8060
 2.383  9.1342
 2.384  -7.6574
 2.385  -5.5317
 2.386  10.6516
 2.387  0.4890
 2.388  -10.9938
 2.389  4.5199
 2.390  8.7354
 2.391  -8.1165
 2.392  -4.7114
 2.393  9.4564
 2.394  0.2215
 2.395  -8.4712
 2.396  3.4269
 2.397  5.8374
 2.398  -5.3555
 2.399  -2.6920
 2.400  5.3815
 2.401  0.2003
 2.402  -4.0276
 2.403  0.8692
 2.404  2.2786
 2.405  -0.4135
 2.406  -1.1765
 2.407  -0.9887
 2.408  1.4027
 2.409  2.3150
 2.410  -2.9975
 2.411  -2.5090
 2.412  5.3223
 2.413  0.9137
 2.414  -7.2796
 2.415  2.4293
 2.416  7.7193
 2.417  -6.7255
 2.418  -5.8880
 2.419  10.6498
 2.420  1.7617
 2.421  -12.7752
 2.422  3.8622
 2.423  12.0696
 2.424  -9.5573
 2.425  -8.2886
 2.426  13.6925
 2.427  2.1266
 2.428  -14.9521
 2.429  4.9365
 2.430  12.7828
 2.431  -11.0546
 2.432  -7.6122
 2.433  14.5716
 2.434  0.7607
 2.435  -14.5382
 2.436  5.9347
 2.437  11.0191
 2.438  -10.6718
 2.439  -5.0892
 2.440  12.2326
 2.441  -1.4880
 2.442  -10.3581
 2.443  6.7989
 2.444  5.8236
 2.445  -9.3675
 2.446  -0.1893
 2.447  8.6047
 2.448  -4.6954
 2.449  -4.9769
 2.450  7.2762
 2.451  -0.1591
 2.452  -6.7804
 2.453  5.0000
 2.454  3.4508
 2.455  -7.8761
 2.456  1.5471
 2.457  7.7803
 2.458  -6.5094
 2.459  -4.6789
 2.460  9.7457
 2.461  -0.4923
 2.462  -10.1182
 2.463  6.1394
 2.464  7.3959
 2.465  -10.5251
 2.466  -2.3129
 2.467  12.3158
 2.468  -3.6808
 2.469  -10.9867
 2.470  8.8899
 2.471  6.9575
 2.472  -11.9078
 2.473  -1.4241
 2.474  12.0404
 2.475  -4.0503
 2.476  -9.4838
 2.477  8.0416
 2.478  5.2089
 2.479  -9.7008
 2.480  -0.5991
 2.481  8.9774
 2.482  -3.0282
 2.483  -6.5649
 2.484  4.8512
 2.485  3.5985
 2.486  -4.7803
 2.487  -1.2179
 2.488  3.4272
 2.489  0.1533
 2.490  -1.8253
 2.491  -0.4782
 2.492  1.0051
 2.493  1.6149
 2.494  -1.5813
 2.495  -2.5863
 2.496  3.4980
 2.497  2.4215
 2.498  -6.0280
 2.499  -0.5661
 2.500  8.0272
 2.501  -2.8515
 2.502  -8.3595
 2.503  7.0019
 2.504  6.3413
 2.505  -10.5975
 2.506  -2.0485
 2.507  12.3218
 2.508  -3.6311
 2.509  -11.2981
 2.510  9.2275
 2.511  7.4368
 2.512  -13.1352
 2.513  -1.5337
 2.514  14.1314
 2.515  -4.9257
 2.516  -11.7950
 2.517  10.2009
 2.518  6.6813
 2.519  -12.8356
 2.520  -0.1855
 2.521  12.1248
 2.522  -5.8672
 2.523  -8.3555
 2.524  9.7806
 2.525  2.7346
 2.526  -10.5170
 2.527  2.9774
 2.528  8.0235
 2.529  -7.0154
 2.530  -3.2508
 2.531  8.1664
 2.532  -2.1489
 2.533  -6.1540
 2.534  6.3462
 2.535  1.7267
 2.536  -7.9180
 2.537  3.5808
 2.538  6.3003
 2.539  -7.9376
 2.540  -1.9674
 2.541  9.8019
 2.542  -3.7200
 2.543  -8.4131
 2.544  8.9470
 2.545  4.0357
 2.546  -12.0181
 2.547  2.1239
 2.548  11.8880
 2.549  -8.2960
 2.550  -8.4805
 2.551  12.6992
 2.552  2.6988
 2.553  -14.0867
 2.554  3.8708
 2.555  12.1136
 2.556  -9.4606
 2.557  -7.4123
 2.558  12.6624
 2.559  1.3611
 2.560  -12.8346
 2.561  4.3732
 2.562  10.2494
 2.563  -8.3607
 2.564  -5.9420
 2.565  9.8318
 2.566  1.3251
 2.567  -8.8632
 2.568  2.2960
 2.569  6.2751
 2.570  -4.1399
 2.571  -3.2865
 2.572  4.1612
 2.573  1.0548
 2.574  -2.9925
 2.575  -0.2640
 2.576  1.6483
 2.577  0.9008
 2.578  -1.1016
 2.579  -2.2966
 2.580  1.8896
 2.581  3.4118
 2.582  -3.8903
 2.583  -3.2609
 2.584  6.3515
 2.585  1.3221
 2.586  -8.1628
 2.587  2.2173
 2.588  8.2771
 2.589  -6.4716
 2.590  -6.1288
 2.591  10.1282
 2.592  1.8996
 2.593  -11.8898
 2.594  3.4726
 2.595  10.9380
 2.596  -8.5523
 2.597  -7.2552
 2.598  11.8568
 2.599  1.6887
 2.600  -12.3480
 2.601  4.2762
 2.602  9.7993
 2.603  -8.9667
 2.604  -4.9095
 2.605  11.0538
 2.606  -0.8860
 2.607  -9.9879
 2.608  5.8521
 2.609  6.1934
 2.610  -8.5018
 2.611  -0.9510
 2.612  8.0782
 2.613  -4.0012
 2.614  -4.8100
 2.615  7.0206
 2.616  -0.1468
 2.617  -7.0923
 2.618  5.0690
 2.619  4.1651
 2.620  -8.2152
 2.621  0.8190
 2.622  8.3891
 2.623  -6.2151
 2.624  -5.3352
 2.625  10.1937
 2.626  -0.1613
 2.627  -11.3233
 2.628  6.5056
 2.629  9.0299
 2.630  -11.7828
 2.631  -3.7871
 2.632  14.3496
 2.633  -3.0233
 2.634  -13.3425
 2.635  9.5337
 2.636  8.9395
 2.637  -13.9607
 2.638  -2.2972
 2.639  15.1392
 2.640  -4.8125
 2.641  -12.8543
 2.642  10.5475
 2.643  7.8704
 2.644  -13.5442
 2.645  -1.6559
 2.646  13.2980
 2.647  -4.0970
 2.648  -10.2597
 2.649  7.9989
 2.650  5.6273
 2.651  -9.3624
 2.652  -0.9142
 2.653  8.3523
 2.654  -2.5584
 2.655  -5.8467
 2.656  4.0721
 2.657  3.0702
 2.658  -3.6932
 2.659  -1.1322
 2.660  2.1742
 2.661  0.6351
 2.662  -0.6201
 2.663  -1.4836
 2.664  0.0424
 2.665  2.9595
 2.666  -0.9631
 2.667  -4.0266
 2.668  3.2088
 2.669  3.7556
 2.670  -5.9658
 2.671  -1.7109
 2.672  8.0789
 2.673  -1.8396
 2.674  -8.4849
 2.675  5.9728
 2.676  6.6287
 2.677  -9.4046
 2.678  -2.7105
 2.679  10.9322
 2.680  -2.3283
 2.681  -9.8708
 2.682  7.0833
 2.683  6.3303
 2.684  -10.1415
 2.685  -1.2292
 2.686  10.5588
 2.687  -3.9701
 2.688  -8.1973
 2.689  7.7218
 2.690  3.8019
 2.691  -8.9050
 2.692  1.2168
 2.693  7.2083
 2.694  -5.2300
 2.695  -3.2565
 2.696  6.9239
 2.697  -1.5693
 2.698  -5.7422
 2.699  5.5674
 2.700  2.0901
 2.701  -7.2707
 2.702  2.7752
 2.703  5.9390
 2.704  -7.1366
 2.705  -1.8269
 2.706  9.3705
 2.707  -3.8656
 2.708  -8.4823
 2.709  9.3506
 2.710  4.4499
 2.711  -12.8073
 2.712  1.7380
 2.713  12.9592
 2.714  -8.3659
 2.715  -9.4888
 2.716  13.5103
 2.717  3.1565
 2.718  -15.6271
 2.719  4.4150
 2.720  14.0249
 2.721  -11.2235
 2.722  -9.0727
 2.723  15.4848
 2.724  2.0794
 2.725  -16.1559
 2.726  5.1123
 2.727  13.2219
 2.728  -10.6853
 2.729  -7.6618
 2.730  13.3815
 2.731  1.1119
 2.732  -12.8418
 2.733  4.6583
 2.734  9.6518
 2.735  -8.2845
 2.736  -5.0894
 2.737  9.1898
 2.738  0.6686
 2.739  -7.6926
 2.740  2.3641
 2.741  4.8195
 2.742  -3.4119
 2.743  -1.8962
 2.744  2.6673
 2.745  0.0645
 2.746  -0.9715
 2.747  0.1088
 2.748  -0.5460
 2.749  1.2003
 2.750  0.9157
 2.751  -3.1777
 2.752  0.2972
 2.753  4.7067
 2.754  -2.8225
 2.755  -4.8088
 2.756  5.7801
 2.757  3.0317
 2.758  -8.0022
 2.759  0.3547
 2.760  8.4712
 2.761  -4.4248
 2.762  -6.7139
 2.763  7.9067
 2.764  3.0109
 2.765  -9.6267
 2.766  1.6581
 2.767  8.9336
 2.768  -5.9211
 2.769  -5.9532
 2.770  8.4716
 2.771  1.5775
 2.772  -8.5218
 2.773  2.8129
 2.774  6.0930
 2.775  -5.8059
 2.776  -2.0376
 2.777  6.4407
 2.778  -2.2228
 2.779  -4.5510
 2.780  5.1639
 2.781  0.8476
 2.782  -5.6757
 2.783  3.2955
 2.784  3.4585
 2.785  -6.2884
 2.786  0.8405
 2.787  6.8604
 2.788  -5.8039
 2.789  -4.5079
 2.790  9.6831
 2.791  -0.2982
 2.792  -10.9642
 2.793  6.2200
 2.794  8.8763
 2.795  -11.4476
 2.796  -3.6765
 2.797  14.2605
 2.798  -3.3862
 2.799  -13.5764
 2.800  10.4233
 2.801  9.3102
 2.802  -15.4666
 2.803  -2.4275
 2.804  17.0628
 2.805  -5.3283
 2.806  -14.7126
 2.807  11.9507
 2.808  9.0199
 2.809  -15.7627
 2.810  -1.5027
 2.811  15.9039
 2.812  -5.8693
 2.813  -12.5589
 2.814  11.2638
 2.815  6.8608
 2.816  -13.5150
 2.817  -0.5090
 2.818  12.4279
 2.819  -4.7711
 2.820  -8.7710
 2.821  7.7508
 2.822  3.9703
 2.823  -8.0351
 2.824  0.3863
 2.825  6.1151
 2.826  -3.0659
 2.827  -3.1293
 2.828  3.5595
 2.829  0.4256
 2.830  -2.1891
 2.831  0.9217
 2.832  -0.0725
 2.833  -0.4757
 2.834  1.9968
 2.835  -1.4404
 2.836  -2.5646
 2.837  3.8942
 2.838  1.3408
 2.839  -5.7122
 2.840  1.3727
 2.841  5.9274
 2.842  -4.6527
 2.843  -4.1510
 2.844  7.2964
 2.845  0.7330
 2.846  -8.2644
 2.847  3.3436
 2.848  7.0684
 2.849  -6.7996
 2.850  -3.9646
 2.851  8.5100
 2.852  -0.1168
 2.853  -7.9096
 2.854  3.8854
 2.855  5.2104
 2.856  -6.1386
 2.857  -1.3482
 2.858  6.1899
 2.859  -2.3258
 2.860  -4.1247
 2.861  4.5104
 2.862  0.7910
 2.863  -4.4160
 2.864  2.4801
 2.865  2.0630
 2.866  -4.3329
 2.867  1.6914
 2.868  3.8719
 2.869  -5.4162
 2.870  -1.0059
 2.871  7.5796
 2.872  -3.4725
 2.873  -7.0769
 2.874  8.1060
 2.875  3.6387
 2.876  -11.2299
 2.877  2.0229
 2.878  11.5202
 2.879  -8.3868
 2.880  -8.4536
 2.881  13.5686
 2.882  2.5266
 2.883  -15.9003
 2.884  4.8473
 2.885  14.4619
 2.886  -11.7349
 2.887  -9.3927
 2.888  16.2550
 2.889  1.8793
 2.890  -17.1456
 2.891  6.1796
 2.892  14.1467
 2.893  -12.7280
 2.894  -8.0777
 2.895  16.1549
 2.896  0.5857
 2.897  -15.7548
 2.898  6.3550
 2.899  11.9064
 2.900  -11.0317
 2.901  -5.9170
 2.902  12.4855
 2.903  -0.4096
 2.904  -10.7546
 2.905  5.3406
 2.906  6.7989
 2.907  -7.7324
 2.908  -2.1397
 2.909  7.3384
 2.910  -1.6591
 2.911  -4.8153
 2.912  3.4966
 2.913  1.4384
 2.914  -3.0620
 2.915  1.3688
 2.916  0.8830
 2.917  -2.5292
 2.918  1.9104
 2.919  1.6639
 2.920  -4.0180
 2.921  0.8114
 2.922  4.4428
 2.923  -3.8690
 2.924  -2.8444
 2.925  6.2602
 2.926  -0.3479
 2.927  -6.9739
 2.928  4.0969
 2.929  5.6016
 2.930  -7.1326
 2.931  -2.4819
 2.932  8.4074
 2.933  -1.4213
 2.934  -7.4718
 2.935  4.8637
 2.936  4.6366
 2.937  -6.7653
 2.938  -0.8670
 2.939  6.5965
 2.940  -2.5583
 2.941  -4.5687
 2.942  4.5018
 2.943  1.5615
 2.944  -4.3781
 2.945  1.1930
 2.946  2.3747
 2.947  -2.5591
 2.948  0.5992
 2.949  1.9229
 2.950  -3.2244
 2.951  0.5570
 2.952  4.2412
 2.953  -3.9668
 2.954  -2.9167
 2.955  6.9280
 2.956  -0.6520
 2.957  -8.0669
 2.958  5.5107
 2.959  6.5094
 2.960  -10.1167
 2.961  -2.2309
 2.962  12.8234
 2.963  -3.8636
 2.964  -12.4265
 2.965  10.1668
 2.966  8.5919
 2.967  -14.8414
 2.968  -2.0199
 2.969  16.3894
 2.970  -5.7159
 2.971  -14.1359
 2.972  12.6117
 2.973  8.4717
 2.974  -16.8248
 2.975  -0.7672
 2.976  17.2261
 2.977  -7.0157
 2.978  -13.7408
 2.979  12.8989
 2.980  7.3681
 2.981  -15.4678
 2.982  0.1251
 2.983  14.2761
 2.984  -6.7398
 2.985  -9.9493
 2.986  10.8403
 2.987  3.9585
 2.988  -11.6215
 2.989  1.8584
 2.990  9.3054
 2.991  -5.8728
 2.992  -5.0128
 2.993  7.1533
 2.994  0.3588
 2.995  -5.7134
 2.996  3.0879
 2.997  2.4471
 2.998  -4.3058
 2.999  1.2169
 3.000  3.1186
 3.001  -3.8202
 3.002  -0.2028
 3.003  4.3677
 3.004  -3.1883
 3.005  -2.6469
 3.006  5.6823
 3.007  -0.7293
 3.008  -6.2676
 3.009  4.5606
 3.010  4.6327
 3.011  -7.4912
 3.012  -1.2549
 3.013  8.4835
 3.014  -2.7862
 3.015  -7.1712
 3.016  6.1987
 3.017  3.9723
 3.018  -7.9329
 3.019  0.0723
 3.020  7.5411
 3.021  -3.6738
 3.022  -5.3184
 3.023  5.7518
 3.024  2.1776
 3.025  -5.8115
 3.026  0.6944
 3.027  4.1076
 3.028  -2.2775
 3.029  -1.5401
 3.030  2.0969
 3.031  -0.6850
 3.032  -0.4055
 3.033  1.5092
 3.034  -1.9002
 3.035  -0.4309
 3.036  3.6044
 3.037  -2.2782
 3.038  -3.6275
 3.039  5.6294
 3.040  1.4527
 3.041  -8.2383
 3.042  2.6272
 3.043  8.8047
 3.044  -7.5396
 3.045  -6.5920
 3.046  11.7394
 3.047  1.7398
 3.048  -13.7005
 3.049  4.7048
 3.050  12.4339
 3.051  -11.0587
 3.052  -7.8567
 3.053  15.5000
 3.054  0.8849
 3.055  -16.6343
 3.056  6.7908
 3.057  13.9477
 3.058  -13.1864
 3.059  -7.9986
 3.060  16.6122
 3.061  0.2796
 3.062  -16.1842
 3.063  7.2125
 3.064  12.0951
 3.065  -12.5643
 3.066  -5.5559
 3.067  14.5090
 3.068  -1.5727
 3.069  -12.7879
 3.070  7.3462
 3.071  8.1984
 3.072  -10.3180
 3.073  -2.3166
 3.074  9.9562
 3.075  -3.0126
 3.076  -6.7661
 3.077  6.2536
 3.078  2.0856
 3.079  -6.6405
 3.080  2.3751
 3.081  4.3783
 3.082  -5.0952
 3.083  -0.5266
 3.084  5.2248
 3.085  -3.3878
 3.086  -2.8326
 3.087  5.8932
 3.088  -1.1541
 3.089  -6.0594
 3.090  5.2879
 3.091  3.7860
 3.092  -8.1005
 3.093  0.1924
 3.094  8.5919
 3.095  -4.5808
 3.096  -6.5496
 3.097  7.9748
 3.098  2.5945
 3.099  -9.3336
 3.100  2.0527
 3.101  8.3144
 3.102  -5.9992
 3.103  -5.3579
 3.104  8.1521
 3.105  1.5033
 3.106  -8.0718
 3.107  1.9967
 3.108  6.0889
 3.109  -4.1223
 3.110  -3.1502
 3.111  4.4379
 3.112  0.4504
 3.113  -3.2238
 3.114  1.0153
 3.115  1.3456
 3.116  -0.8198
 3.117  0.0927
 3.118  -0.7381
 3.119  -0.1858
 3.120  2.7447
 3.121  -1.4015
 3.122  -4.0146
 3.123  4.2668
 3.124  3.5472
 3.125  -7.3712
 3.126  -0.9352
 3.127  9.3842
 3.128  -3.4222
 3.129  -9.1577
 3.130  8.3856
 3.131  6.1679
 3.132  -12.4090
 3.133  -0.7686
 3.134  14.0385
 3.135  -5.8407
 3.136  -12.4112
 3.137  11.9354
 3.138  7.5866
 3.139  -15.7800
 3.140  -0.5927
 3.141  16.1740
 3.142  -6.8395
 3.143  -12.8509
 3.144  12.7754
 3.145  6.5976
 3.146  -15.6570
 3.147  0.9542
 3.148  14.7778
 3.149  -7.8024
 3.150  -10.5010
 3.151  12.1703
 3.152  4.1480
 3.153  -13.0360
 3.154  2.4088
 3.155  10.4277
 3.156  -7.3208
 3.157  -5.3927
 3.158  9.3229
 3.159  -0.3491
 3.160  -8.1025
 3.161  4.9553
 3.162  4.3624
 3.163  -7.0381
 3.164  0.4365
 3.165  6.0846
 3.166  -4.5666
 3.167  -2.5908
 3.168  6.5954
 3.169  -2.1304
 3.170  -5.8382
 3.171  6.3959
 3.172  2.5559
 3.173  -8.7071
 3.174  2.1568
 3.175  8.2295
 3.176  -6.7512
 3.177  -5.0447
 3.178  9.7400
 3.179  0.0988
 3.180  -10.1763
 3.181  5.1279
 3.182  7.9409
 3.183  -9.1130
 3.184  -3.7484
 3.185  10.7803
 3.186  -1.1206
 3.187  -9.8228
 3.188  5.2639
 3.189  6.7587
 3.190  -7.6225
 3.191  -2.7100
 3.192  7.8085
 3.193  -1.0105
 3.194  -6.1891
 3.195  3.3593
 3.196  3.7030
 3.197  -3.9065
 3.198  -1.4826
 3.199  2.9496
 3.200  0.4181
 3.201  -1.3597
 3.202  -0.8214
 3.203  0.2200
 3.204  2.3096
 3.205  -0.3881
 3.206  -3.9526
 3.207  2.1394
 3.208  4.6318
 3.209  -5.0240
 3.210  -3.4862
 3.211  7.9928
 3.212  0.2844
 3.213  -9.7552
 3.214  4.4158
 3.215  9.2485
 3.216  -9.3839
 3.217  -6.0561
 3.218  13.0848
 3.219  0.6244
 3.220  -14.1799
 3.221  5.8047
 3.222  11.9954
 3.223  -11.5381
 3.224  -6.7981
 3.225  14.9455
 3.226  -0.2243
 3.227  -14.9800
 3.228  7.2816
 3.229  11.5326
 3.230  -12.5073
 3.231  -5.4995
 3.232  14.5254
 3.233  -1.4670
 3.234  -12.8780
 3.235  7.4506
 3.236  8.1731
 3.237  -10.8528
 3.238  -1.9009
 3.239  10.8787
 3.240  -4.0252
 3.241  -7.7720
 3.242  7.8607
 3.243  2.7235
 3.244  -8.5659
 3.245  2.5175
 3.246  6.1167
 3.247  -6.2043
 3.248  -1.4928
 3.249  7.1450
 3.250  -3.6514
 3.251  -5.0720
 3.252  7.5250
 3.253  0.7101
 3.254  -8.7730
 3.255  4.4726
 3.256  6.9016
 3.257  -8.7473
 3.258  -2.4215
 3.259  10.6809
 3.260  -3.3307
 3.261  -9.5868
 3.262  8.6298
 3.263  5.7264
 3.264  -11.9114
 3.265  -0.2029
 3.266  12.2549
 3.267  -5.4110
 3.268  -9.6453
 3.269  9.5821
 3.270  4.9375
 3.271  -11.2931
 3.272  0.4560
 3.273  10.3319
 3.274  -5.0421
 3.275  -7.3038
 3.276  7.7250
 3.277  3.3742
 3.278  -8.1265
 3.279  0.1619
 3.280  6.6474
 3.281  -2.3313
 3.282  -4.2593
 3.283  2.7980
 3.284  2.1084
 3.285  -1.9361
 3.286  -1.0759
 3.287  0.6418
 3.288  1.4520
 3.289  0.0448
 3.290  -2.8384
 3.291  0.6299
 3.292  4.3133
 3.293  -2.8096
 3.294  -4.7987
 3.295  5.9283
 3.296  3.4984
 3.297  -8.8789
 3.298  -0.2475
 3.299  10.3948
 3.300  -4.3551
 3.301  -9.5160
 3.302  9.0886
 3.303  5.9764
 3.304  -12.4871
 3.305  -0.3711
 3.306  13.3281
 3.307  -5.9643
 3.308  -11.0687
 3.309  11.3345
 3.310  6.0778
 3.311  -14.2079
 3.312  0.4250
 3.313  13.7137
 3.314  -6.7120
 3.315  -9.9442
 3.316  11.0696
 3.317  3.9598
 3.318  -12.3327
 3.319  2.5167
 3.320  10.2572
 3.321  -7.6220
 3.322  -5.6062
 3.323  9.9291
 3.324  -0.0831
 3.325  -8.8913
 3.326  4.9807
 3.327  5.0128
 3.328  -7.5420
 3.329  0.3143
 3.330  6.9962
 3.331  -5.2541
 3.332  -3.5889
 3.333  8.1115
 3.334  -1.4998
 3.335  -7.8718
 3.336  6.5352
 3.337  4.5220
 3.338  -9.7844
 3.339  0.9478
 3.340  10.0688
 3.341  -6.8594
 3.342  -7.1368
 3.343  11.3770
 3.344  1.7399
 3.345  -13.0808
 3.346  4.6099
 3.347  11.4004
 3.348  -10.1178
 3.349  -6.7750
 3.350  13.2630
 3.351  0.4924
 3.352  -13.2550
 3.353  5.7301
 3.354  10.2458
 3.355  -10.2849
 3.356  -5.2375
 3.357  12.1546
 3.358  -0.2746
 3.359  -11.1824
 3.360  4.7990
 3.361  8.0530
 3.362  -7.3151
 3.363  -4.0026
 3.364  7.5590
 3.365  0.3671
 3.366  -6.0393
 3.367  1.8745
 3.368  3.7875
 3.369  -2.4040
 3.370  -1.9406
 3.371  1.6179
 3.372  1.3057
 3.373  -0.4197
 3.374  -2.0625
 3.375  -0.1673
 3.376  3.7063
 3.377  -0.5755
 3.378  -5.2527
 3.379  2.7557
 3.380  5.6268
 3.381  -5.7934
 3.382  -4.0996
 3.383  8.6061
 3.384  0.6118
 3.385  -9.9927
 3.386  4.1348
 3.387  9.0839
 3.388  -8.8608
 3.389  -5.6985
 3.390  12.1114
 3.391  0.4740
 3.392  -12.7465
 3.393  5.2817
 3.394  10.3515
 3.395  -9.9806
 3.396  -5.4234
 3.397  12.2598
 3.398  -0.7387
 3.399  -11.4364
 3.400  6.4139
 3.401  7.7554
 3.402  -9.9923
 3.403  -2.3420
 3.404  10.4890
 3.405  -3.1355
 3.406  -7.8690
 3.407  6.9878
 3.408  3.0733
 3.409  -8.0454
 3.410  2.2696
 3.411  6.0412
 3.412  -6.3582
 3.413  -1.7071
 3.414  7.7947
 3.415  -3.4506
 3.416  -6.0393
 3.417  7.6287
 3.418  1.5939
 3.419  -9.3060
 3.420  4.1465
 3.421  7.7378
 3.422  -9.3279
 3.423  -3.2063
 3.424  12.2203
 3.425  -3.0540
 3.426  -11.7629
 3.427  9.2332
 3.428  7.8995
 3.429  -13.5040
 3.430  -1.5975
 3.431  14.5831
 3.432  -5.4512
 3.433  -12.1182
 3.434  11.3504
 3.435  6.7801
 3.436  -14.5709
 3.437  -0.0361
 3.438  14.3941
 3.439  -6.3162
 3.440  -11.0899
 3.441  10.7007
 3.442  5.7811
 3.443  -12.2228
 3.444  -0.0496
 3.445  10.8916
 3.446  -4.5800
 3.447  -7.5448
 3.448  7.1063
 3.449  3.5101
 3.450  -7.3168
 3.451  -0.1286
 3.452  5.7760
 3.453  -1.6960
 3.454  -3.5507
 3.455  1.7708
 3.456  1.7809
 3.457  -0.6226
 3.458  -1.2477
 3.459  -0.7530
 3.460  2.0943
 3.461  1.3049
 3.462  -3.7915
 3.463  -0.3529
 3.464  5.3591
 3.465  -2.1270
 3.466  -5.7590
 3.467  5.4623
 3.468  4.3175
 3.469  -8.5048
 3.470  -1.0229
 3.471  10.0386
 3.472  -3.4123
 3.473  -9.2314
 3.474  7.7541
 3.475  5.9704
 3.476  -10.6501
 3.477  -0.9584
 3.478  11.0969
 3.479  -4.4706
 3.480  -8.8096
 3.481  8.7640
 3.482  4.3615
 3.483  -10.6559
 3.484  0.9643
 3.485  9.5971
 3.486  -5.5689
 3.487  -5.9602
 3.488  8.0530
 3.489  0.9455
 3.490  -7.6832
 3.491  3.7906
 3.492  4.6523
 3.493  -6.6685
 3.494  -0.0393
 3.495  6.7057
 3.496  -4.5244
 3.497  -3.8537
 3.498  7.3793
 3.499  -0.9627
 3.500  -7.3852
 3.501  6.1240
 3.502  4.3129
 3.503  -9.8262
 3.504  1.0520
 3.505  10.6608
 3.506  -7.1305
 3.507  -8.0789
 3.508  12.0309
 3.509  2.5885
 3.510  -14.1379
 3.511  4.3804
 3.512  12.6231
 3.513  -10.9016
 3.514  -7.7125
 3.515  15.1352
 3.516  0.6284
 3.517  -15.8825
 3.518  6.7776
 3.519  12.9386
 3.520  -12.5811
 3.521  -7.1353
 3.522  15.3547
 3.523  0.0667
 3.524  -14.5719
 3.525  6.4111
 3.526  10.7221
 3.527  -10.7396
 3.528  -5.1091
 3.529  12.1013
 3.530  -0.5942
 3.531  -10.6081
 3.532  4.8811
 3.533  7.1868
 3.534  -6.8640
 3.535  -3.2115
 3.536  6.4985
 3.537  0.0152
 3.538  -4.5167
 3.539  1.5510
 3.540  2.1042
 3.541  -1.3669
 3.542  -0.4403
 3.543  0.0210
 3.544  0.2649
 3.545  1.4624
 3.546  -1.6211
 3.547  -2.0440
 3.548  3.8599
 3.549  1.0850
 3.550  -5.8998
 3.551  1.3927
 3.552  6.6467
 3.553  -4.6940
 3.554  -5.4222
 3.555  7.6898
 3.556  2.2468
 3.557  -9.2259
 3.558  2.1253
 3.559  8.5545
 3.560  -6.4368
 3.561  -5.6354
 3.562  9.3480
 3.563  1.1942
 3.564  -9.9018
 3.565  3.4885
 3.566  7.8735
 3.567  -6.9929
 3.568  -3.8786
 3.569  8.2404
 3.570  -0.8056
 3.571  -6.8752
 3.572  4.6510
 3.573  3.4117
 3.574  -6.3890
 3.575  0.9110
 3.576  5.4484
 3.577  -4.5259
 3.578  -2.1710
 3.579  6.0608
 3.580  -2.2742
 3.581  -4.8140
 3.582  6.2580
 3.583  1.0215
 3.584  -8.2235
 3.585  4.1793
 3.586  7.2129
 3.587  -9.0864
 3.588  -3.2129
 3.589  11.9677
 3.590  -2.7978
 3.591  -11.6240
 3.592  9.1216
 3.593  7.7974
 3.594  -13.8535
 3.595  -1.2904
 3.596  15.4702
 3.597  -6.2466
 3.598  -13.3098
 3.599  12.7975
 3.600  7.7890
 3.601  -16.5812
 3.602  -0.2889
 3.603  16.5822
 3.604  -7.2564
 3.605  -12.8464
 3.606  12.9343
 3.607  6.4487
 3.608  -15.4131
 3.609  0.8495
 3.610  14.3088
 3.611  -7.1437
 3.612  -10.2518
 3.613  10.9528
 3.614  4.6396
 3.615  -11.6319
 3.616  0.8358
 3.617  9.5059
 3.618  -4.7255
 3.619  -5.6912
 3.620  6.2527
 3.621  1.6762
 3.622  -5.4986
 3.623  1.1930
 3.624  3.2942
 3.625  -2.1485
 3.626  -0.8689
 3.627  1.2172
 3.628  -0.6176
 3.629  0.8481
 3.630  0.4936
 3.631  -2.8866
 3.632  1.1980
 3.633  3.7811
 3.634  -3.7382
 3.635  -2.8810
 3.636  6.0167
 3.637  0.2490
 3.638  -6.9570
 3.639  3.3535
 3.640  5.9301
 3.641  -6.7351
 3.642  -3.0072
 3.643  8.7021
 3.644  -1.0389
 3.645  -8.4933
 3.646  4.9871
 3.647  6.0682
 3.648  -7.5901
 3.649  -2.1444
 3.650  8.0169
 3.651  -2.0327
 3.652  -6.1610
 3.653  5.1130
 3.654  2.7010
 3.655  -6.1119
 3.656  1.1134
 3.657  4.7653
 3.658  -3.8838
 3.659  -1.6428
 3.660  4.5514
 3.661  -2.0262
 3.662  -2.7868
 3.663  4.7636
 3.664  -0.8603
 3.665  -5.3534
 3.666  5.1078
 3.667  3.2834
 3.668  -8.3466
 3.669  1.0360
 3.670  9.1765
 3.671  -6.3572
 3.672  -6.8962
 3.673  10.9658
 3.674  1.7832
 3.675  -13.2219
 3.676  4.9353
 3.677  12.0993
 3.678  -11.4225
 3.679  -7.5461
 3.680  15.7790
 3.681  0.5459
 3.682  -16.6275
 3.683  7.1467
 3.684  13.5488
 3.685  -13.5159
 3.686  -7.2284
 3.687  16.8827
 3.688  -0.7341
 3.689  -16.4019
 3.690  8.2950
 3.691  12.3031
 3.692  -13.5685
 3.693  -5.8022
 3.694  15.3714
 3.695  -1.2851
 3.696  -13.5433
 3.697  7.1014
 3.698  8.9451
 3.699  -10.2981
 3.700  -3.1459
 3.701  10.4068
 3.702  -2.0943
 3.703  -7.9177
 3.704  5.3771
 3.705  4.0532
 3.706  -6.0730
 3.707  -0.3195
 3.708  4.4619
 3.709  -2.0079
 3.710  -1.5686
 3.711  2.2941
 3.712  -1.2385
 3.713  -0.7165
 3.714  2.7431
 3.715  -1.8484
 3.716  -2.3021
 3.717  4.1765
 3.718  0.0503
 3.719  -5.1561
 3.720  3.1728
 3.721  4.1959
 3.722  -6.1432
 3.723  -1.4385
 3.724  7.7022
 3.725  -2.2914
 3.726  -7.1767
 3.727  5.7833
 3.728  4.6230
 3.729  -7.8752
 3.730  -0.8101
 3.731  7.8721
 3.732  -3.0502
 3.733  -5.8003
 3.734  5.7329
 3.735  2.4059
 3.736  -6.4351
 3.737  1.1037
 3.738  5.0654
 3.739  -3.4878
 3.740  -2.2831
 3.741  3.9218
 3.742  -0.7319
 3.743  -2.3076
 3.744  2.7000
 3.745  -0.6663
 3.746  -2.7109
 3.747  3.7438
 3.748  0.5765
 3.749  -5.5329
 3.750  3.0601
 3.751  5.0046
 3.752  -6.9051
 3.753  -1.8906
 3.754  9.4324
 3.755  -3.1621
 3.756  -9.4053
 3.757  8.7424
 3.758  6.3264
 3.759  -13.0923
 3.760  -0.6633
 3.761  14.6629
 3.762  -6.2352
 3.763  -12.6287
 3.764  12.5151
 3.765  7.1922
 3.766  -16.3708
 3.767  0.4270
 3.768  16.6038
 3.769  -8.3228
 3.770  -13.0059
 3.771  14.4543
 3.772  6.4428
 3.773  -17.2476
 3.774  1.3914
 3.775  16.0592
 3.776  -8.4739
 3.777  -11.3560
 3.778  13.0507
 3.779  4.5568
 3.780  -14.1432
 3.781  2.4121
 3.782  11.8078
 3.783  -7.7046
 3.784  -7.0715
 3.785  10.0994
 3.786  1.5701
 3.787  -9.3320
 3.788  2.9882
 3.789  6.1145
 3.790  -5.3578
 3.791  -1.8493
 3.792  5.1193
 3.793  -1.8646
 3.794  -2.7589
 3.795  3.7630
 3.796  -0.5508
 3.797  -3.3138
 3.798  3.3872
 3.799  0.8532
 3.800  -4.5788
 3.801  2.5732
 3.802  3.6010
 3.803  -5.6028
 3.804  -0.7375
 3.805  7.0419
 3.806  -3.0421
 3.807  -6.2772
 3.808  6.4377
 3.809  3.4753
 3.810  -8.2818
 3.811  0.4920
 3.812  7.9467
 3.813  -4.3670
 3.814  -5.5556
 3.815  6.9523
 3.816  1.9281
 3.817  -7.5277
 3.818  1.7204
 3.819  6.0919
 3.820  -4.2158
 3.821  -3.3463
 3.822  4.8459
 3.823  0.4267
 3.824  -3.6142
 3.825  1.5202
 3.826  1.2374
 3.827  -1.7660
 3.828  1.1184
 3.829  0.2815
 3.830  -2.2695
 3.831  2.2329
 3.832  1.4670
 3.833  -4.5849
 3.834  1.2916
 3.835  5.5181
 3.836  -5.2077
 3.837  -4.1849
 3.838  8.9112
 3.839  0.4982
 3.840  -10.9076
 3.841  4.7644
 3.842  10.0955
 3.843  -10.1528
 3.844  -6.1827
 3.845  13.9792
 3.846  -0.1467
 3.847  -14.8590
 3.848  7.3784
 3.849  12.1815
 3.850  -13.5927
 3.851  -6.3533
 3.852  17.0374
 3.853  -1.2746
 3.854  -16.6706
 3.855  8.7788
 3.856  12.4962
 3.857  -14.2254
 3.858  -5.5839
 3.859  16.2439
 3.860  -2.2385
 3.861  -14.4338
 3.862  8.9249
 3.863  9.4743
 3.864  -12.8160
 3.865  -2.9021
 3.866  13.1181
 3.867  -3.3696
 3.868  -10.1097
 3.869  7.6382
 3.870  5.0131
 3.871  -8.9183
 3.872  0.4211
 3.873  7.2090
 3.874  -4.4796
 3.875  -3.4433
 3.876  6.0196
 3.877  -0.8571
 3.878  -4.7998
 3.879  4.1020
 3.880  1.5101
 3.881  -5.1554
 3.882  2.5005
 3.883  3.6908
 3.884  -5.6999
 3.885  -0.2674
 3.886  6.8905
 3.887  -3.8894
 3.888  -5.5965
 3.889  7.3217
 3.890  2.1988
 3.891  -8.8370
 3.892  2.2224
 3.893  7.9026
 3.894  -6.2727
 3.895  -4.8046
 3.896  8.7218
 3.897  0.5266
 3.898  -8.9098
 3.899  3.6063
 3.900  6.9447
 3.901  -6.3898
 3.902  -3.6301
 3.903  7.1470
 3.904  0.1530
 3.905  -5.9407
 3.906  2.3524
 3.907  3.5192
 3.908  -3.2108
 3.909  -1.0183
 3.910  2.4375
 3.911  -0.4734
 3.912  -0.7136
 3.913  0.3305
 3.914  -0.8852
 3.915  1.3609
 3.916  1.3110
 3.917  -3.8155
 3.918  0.0329
 3.919  5.8211
 3.920  -3.0234
 3.921  -6.1827
 3.922  6.8026
 3.923  4.1833
 3.924  -10.0339
 3.925  0.0992
 3.926  11.3492
 3.927  -5.7379
 3.928  -9.8380
 3.929  11.1965
 3.930  5.4115
 3.931  -14.7927
 3.932  1.0894
 3.933  15.2406
 3.934  -8.0912
 3.935  -12.0927
 3.936  13.7355
 3.937  5.9319
 3.938  -16.4422
 3.939  1.7566
 3.940  15.4051
 3.941  -9.0027
 3.942  -10.8617
 3.943  13.9311
 3.944  4.0420
 3.945  -15.3210
 3.946  3.1903
 3.947  12.9698
 3.948  -8.8952
 3.949  -7.7434
 3.950  11.6372
 3.951  1.2987
 3.952  -10.9071
 3.953  4.4354
 3.954  7.2506
 3.955  -7.8517
 3.956  -2.0677
 3.957  8.1457
 3.958  -2.8514
 3.959  -5.5337
 3.960  5.9018
 3.961  1.1443
 3.962  -6.1664
 3.963  3.3764
 3.964  3.6849
 3.965  -6.4121
 3.966  0.5905
 3.967  6.8972
 3.968  -5.1324
 3.969  -4.6441
 3.970  8.3525
 3.971  0.3764
 3.972  -9.1209
 3.973  4.5344
 3.974  7.1216
 3.975  -8.5346
 3.976  -2.9321
 3.977  10.3974
 3.978  -2.1913
 3.979  -9.6066
 3.980  6.7435
 3.981  6.4927
 3.982  -9.4673
 3.983  -2.0835
 3.984  9.7487
 3.985  -2.2705
 3.986  -7.7821
 3.987  5.3618
 3.988  4.4558
 3.989  -6.5215
 3.990  -1.0056
 3.991  5.8102
 3.992  -1.4379
 3.993  -3.9445
 3.994  2.2486
 3.995  1.9898
 3.996  -1.5100
 3.997  -0.9353
 3.998  -0.0436
 3.999  1.3035
 4.000  1.3269
 4.001  -2.9369
 4.002  -1.3381
 4.003  5.0411
 4.004  -0.4291
 4.005  -6.4733
 4.006  3.7449
 4.007  6.1766
 4.008  -7.6670
 4.009  -3.6084
 4.010  10.8295
 4.011  -0.9934
 4.012  -11.9036
 4.013  6.6065
 4.014  10.0788
 4.015  -11.6996
 4.016  -5.3946
 4.017  14.7035
 4.018  -1.1956
 4.019  -14.5265
 4.020  8.0623
 4.021  10.9426
 4.022  -13.3733
 4.023  -4.7169
 4.024  15.6538
 4.025  -2.5819
 4.026  -14.2544
 4.027  9.0331
 4.028  9.5717
 4.029  -12.9385
 4.030  -2.9449
 4.031  13.3399
 4.032  -3.7422
 4.033  -10.3118
 4.034  8.6331
 4.035  4.9349
 4.036  -10.4621
 4.037  1.0453
 4.038  8.9322
 4.039  -5.7661
 4.040  -4.7860
 4.041  7.8278
 4.042  -0.4491
 4.043  -6.7222
 4.044  4.9600
 4.045  2.9740
 4.046  -7.2281
 4.047  2.0471
 4.048  6.5061
 4.049  -6.5803
 4.050  -3.0399
 4.051  9.0442
 4.052  -2.0306
 4.053  -8.5400
 4.054  7.0547
 4.055  5.1270
 4.056  -10.4073
 4.057  0.2136
 4.058  11.0051
 4.059  -5.9078
 4.060  -8.6343
 4.061  10.2995
 4.062  3.9904
 4.063  -12.1710
 4.064  1.5737
 4.065  11.1062
 4.066  -6.5023
 4.067  -7.5821
 4.068  9.5354
 4.069  2.7690
 4.070  -10.0881
 4.071  1.8864
 4.072  8.3875
 4.073  -5.1464
 4.074  -5.3321
 4.075  6.3726
 4.076  2.1308
 4.077  -5.6912
 4.078  0.1446
 4.079  3.8847
 4.080  -0.9370
 4.081  -2.0549
 4.082  0.3774
 4.083  1.1835
 4.084  0.8009
 4.085  -1.7471
 4.086  -1.5758
 4.087  3.5267
 4.088  1.0606
 4.089  -5.6793
 4.090  1.1147
 4.091  7.0502
 4.092  -4.6065
 4.093  -6.6159
 4.094  8.4221
 4.095  3.9015
 4.096  -11.2326
 4.097  0.7790
 4.098  11.8317
 4.099  -6.3529
 4.100  -9.5834
 4.101  11.2888
 4.102  4.7015
 4.103  -14.0773
 4.104  1.7441
 4.105  13.7322
 4.106  -8.1103
 4.107  -10.1450
 4.108  12.6695
 4.109  4.1680
 4.110  -14.1485
 4.111  2.6114
 4.112  12.1439
 4.113  -8.3407
 4.114  -7.2716
 4.115  11.4685
 4.116  0.9961
 4.117  -11.2274
 4.118  4.8125
 4.119  7.8748
 4.120  -8.4557
 4.121  -2.6117
 4.122  8.9354
 4.123  -2.7976
 4.124  -6.2641
 4.125  6.5842
 4.126  1.4549
 4.127  -7.5347
 4.128  3.8050
 4.129  5.3722
 4.130  -7.6948
 4.131  -0.8380
 4.132  8.8411
 4.133  -4.5525
 4.134  -6.7538
 4.135  8.9975
 4.136  1.9794
 4.137  -10.9838
 4.138  4.0764
 4.139  9.7629
 4.140  -9.5949
 4.141  -5.5791
 4.142  12.9149
 4.143  -0.4203
 4.144  -13.0435
 4.145  6.5575
 4.146  9.9465
 4.147  -11.1538
 4.148  -4.5295
 4.149  13.0419
 4.150  -1.6738
 4.151  -11.8991
 4.152  6.9997
 4.153  8.2971
 4.154  -10.1696
 4.155  -3.4653
 4.156  10.6574
 4.157  -1.1447
 4.158  -8.7926
 4.159  4.3419
 4.160  5.5784
 4.161  -5.5614
 4.162  -2.2959
 4.163  4.9946
 4.164  0.0383
 4.165  -3.4484
 4.166  0.6622
 4.167  1.9922
 4.168  0.0116
 4.169  -1.5243
 4.170  -1.2755
 4.171  2.4144
 4.172  2.0796
 4.173  -4.3511
 4.174  -1.5422
 4.175  6.4504
 4.176  -0.6766
 4.177  -7.5884
 4.178  4.1974
 4.179  6.8389
 4.180  -8.0098
 4.181  -3.8607
 4.182  10.8009
 4.183  -0.9078
 4.184  -11.4150
 4.185  6.3260
 4.186  9.2848
 4.187  -10.8834
 4.188  -4.6816
 4.189  13.1826
 4.190  -1.3102
 4.191  -12.4137
 4.192  7.0966
 4.193  8.6558
 4.194  -11.0635
 4.195  -2.8986
 4.196  12.0931
 4.197  -3.2350
 4.198  -9.9364
 4.199  7.9820
 4.200  5.3149
 4.201  -9.9932
 4.202  0.2905
 4.203  8.7668
 4.204  -5.1000
 4.205  -4.8194
 4.206  7.5993
 4.207  -0.4683
 4.208  -7.0268
 4.209  5.2850
 4.210  3.6237
 4.211  -7.9657
 4.212  1.4362
 4.213  7.5281
 4.214  -6.4169
 4.215  -3.9951
 4.216  9.5741
 4.217  -1.6008
 4.218  -9.7152
 4.219  7.5347
 4.220  6.5848
 4.221  -11.9268
 4.222  -0.9547
 4.223  13.3298
 4.224  -5.6122
 4.225  -11.1789
 4.226  11.2448
 4.227  5.9632
 4.228  -14.3388
 4.229  0.9321
 4.230  14.0404
 4.231  -7.6585
 4.232  -10.4860
 4.233  12.4693
 4.234  4.7288
 4.235  -14.2367
 4.236  1.6169
 4.237  12.7565
 4.238  -6.8913
 4.239  -8.7532
 4.240  9.8944
 4.241  3.5936
 4.242  -10.2173
 4.243  1.1861
 4.244  8.3001
 4.245  -4.3783
 4.246  -5.2084
 4.247  5.4609
 4.248  2.2165
 4.249  -4.7019
 4.250  -0.3454
 4.251  2.9863
 4.252  0.0174
 4.253  -1.4369
 4.254  -0.9430
 4.255  0.9686
 4.256  2.2736
 4.257  -1.9361
 4.258  -2.9598
 4.259  3.9983
 4.260  2.1839
 4.261  -6.2481
 4.262  0.2914
 4.263  7.5578
 4.264  -3.9864
 4.265  -7.0184
 4.266  7.8325
 4.267  4.3128
 4.268  -10.5271
 4.269  0.1111
 4.270  10.9934
 4.271  -5.1389
 4.272  -8.7856
 4.273  9.3308
 4.274  4.2948
 4.275  -11.3961
 4.276  1.3260
 4.277  10.6389
 4.278  -6.5008
 4.279  -7.2224
 4.280  9.7282
 4.281  2.1519
 4.282  -10.0759
 4.283  3.0239
 4.284  7.5026
 4.285  -6.7033
 4.286  -2.8970
 4.287  7.7542
 4.288  -2.1885
 4.289  -5.8958
 4.290  6.0293
 4.291  1.8091
 4.292  -7.2887
 4.293  3.0663
 4.294  5.4639
 4.295  -6.9882
 4.296  -1.0714
 4.297  8.4782
 4.298  -4.4964
 4.299  -6.8122
 4.300  9.3986
 4.301  2.2778
 4.302  -11.9268
 4.303  3.8908
 4.304  11.0527
 4.305  -9.8806
 4.306  -6.7676
 4.307  13.8576
 4.308  0.1045
 4.309  -14.5349
 4.310  7.1650
 4.311  11.5732
 4.312  -13.0641
 4.313  -5.6851
 4.314  16.0032
 4.315  -1.5851
 4.316  -15.2467
 4.317  8.3357
 4.318  11.1099
 4.319  -12.8798
 4.320  -4.8279
 4.321  14.2347
 4.322  -1.8503
 4.323  -12.3757
 4.324  7.2097
 4.325  8.1819
 4.326  -10.0783
 4.327  -3.1019
 4.328  10.1374
 4.329  -1.3410
 4.330  -7.9429
 4.331  4.0373
 4.332  4.6624
 4.333  -4.6123
 4.334  -1.6296
 4.335  3.4807
 4.336  -0.1275
 4.337  -1.6270
 4.338  0.2230
 4.339  0.1984
 4.340  0.9954
 4.341  -0.0576
 4.342  -2.6243
 4.343  1.4546
 4.344  3.5801
 4.345  -3.9323
 4.346  -3.0350
 4.347  6.4966
 4.348  0.7555
 4.349  -7.9900
 4.350  2.7787
 4.351  7.5350
 4.352  -6.5196
 4.353  -4.8873
 4.354  9.2111
 4.355  0.5723
 4.356  -9.8390
 4.357  4.2524
 4.358  8.0122
 4.359  -8.1649
 4.360  -4.1375
 4.361  9.9568
 4.362  -0.6791
 4.363  -9.0561
 4.364  4.9793
 4.365  5.7490
 4.366  -7.4345
 4.367  -1.1152
 4.368  7.3008
 4.369  -3.3083
 4.370  -4.6898
 4.371  6.0290
 4.372  0.5585
 4.373  -6.1033
 4.374  3.5890
 4.375  3.4716
 4.376  -6.1931
 4.377  0.9913
 4.378  6.1663
 4.379  -5.7360
 4.380  -3.2800
 4.381  9.0302
 4.382  -1.7210
 4.383  -9.5262
 4.384  7.3224
 4.385  6.7198
 4.386  -11.7018
 4.387  -1.1501
 4.388  13.3053
 4.389  -5.7322
 4.390  -11.3528
 4.391  11.9884
 4.392  6.1093
 4.393  -15.7777
 4.394  1.1674
 4.395  15.9209
 4.396  -8.5903
 4.397  -12.2625
 4.398  14.2023
 4.399  5.7198
 4.400  -16.5576
 4.401  1.9970
 4.402  15.1401
 4.403  -8.9012
 4.404  -10.4920
 4.405  13.3181
 4.406  4.0162
 4.407  -14.3602
 4.408  2.4775
 4.409  12.1437
 4.410  -7.3333
 4.411  -7.6866
 4.412  9.5346
 4.413  2.5328
 4.414  -8.9646
 4.415  1.7667
 4.416  6.3648
 4.417  -4.1425
 4.418  -3.0191
 4.419  4.3070
 4.420  0.2786
 4.421  -2.7763
 4.422  0.9077
 4.423  0.6181
 4.424  -0.2986
 4.425  0.9756
 4.426  -1.5960
 4.427  -1.1391
 4.428  3.7409
 4.429  -0.3515
 4.430  -4.9848
 4.431  3.0053
 4.432  4.5046
 4.433  -5.8074
 4.434  -2.1274
 4.435  7.6010
 4.436  -1.5847
 4.437  -7.5252
 4.438  5.5163
 4.439  5.3494
 4.440  -8.3854
 4.441  -1.5852
 4.442  9.2002
 4.443  -2.6679
 4.444  -7.6231
 4.445  6.0922
 4.446  4.1149
 4.447  -7.6104
 4.448  0.1998
 4.449  6.7727
 4.450  -3.9028
 4.451  -3.9349
 4.452  5.7669
 4.453  0.1586
 4.454  -5.1888
 4.455  3.1385
 4.456  2.4189
 4.457  -4.6700
 4.458  1.4950
 4.459  3.7400
 4.460  -5.0426
 4.461  -0.5166
 4.462  6.7562
 4.463  -3.9808
 4.464  -5.7220
 4.465  8.1856
 4.466  1.9243
 4.467  -10.4877
 4.468  3.6963
 4.469  9.7734
 4.470  -9.5007
 4.471  -5.8258
 4.472  13.6474
 4.473  -0.5521
 4.474  -14.6733
 4.475  7.7394
 4.476  11.9721
 4.477  -13.7660
 4.478  -6.0143
 4.479  16.9046
 4.480  -1.7641
 4.481  -16.1994
 4.482  9.3736
 4.483  11.7621
 4.484  -14.8564
 4.485  -4.7439
 4.486  16.8605
 4.487  -3.0107
 4.488  -15.0241
 4.489  9.5159
 4.490  10.0536
 4.491  -13.2287
 4.492  -3.4748
 4.493  13.4821
 4.494  -2.8563
 4.495  -10.6355
 4.496  7.3237
 4.497  5.9016
 4.498  -9.0201
 4.499  -0.9174
 4.500  7.9694
 4.501  -2.7971
 4.502  -5.0413
 4.503  4.3128
 4.504  1.5996
 4.505  -3.5471
 4.506  0.9915
 4.507  1.2259
 4.508  -1.8310
 4.509  1.4238
 4.510  0.7634
 4.511  -3.1383
 4.512  1.6107
 4.513  3.0744
 4.514  -4.1884
 4.515  -1.1042
 4.516  5.7884
 4.517  -2.1512
 4.518  -5.5913
 4.519  5.5551
 4.520  3.4435
 4.521  -7.8699
 4.522  0.0831
 4.523  8.2065
 4.524  -3.8920
 4.525  -6.3486
 4.526  6.7530
 4.527  2.8393
 4.528  -7.7436
 4.529  1.2023
 4.530  6.5845
 4.531  -4.4707
 4.532  -3.7487
 4.533  5.9353
 4.534  0.3029
 4.535  -5.2103
 4.536  2.4674
 4.537  2.7035
 4.538  -3.5204
 4.539  0.5146
 4.540  2.4462
 4.541  -3.0811
 4.542  0.3577
 4.543  3.8258
 4.544  -3.7925
 4.545  -2.2077
 4.546  6.4188
 4.547  -1.4532
 4.548  -6.9543
 4.549  6.0335
 4.550  4.7441
 4.551  -9.9451
 4.552  -0.0393
 4.553  11.6510
 4.554  -6.0171
 4.555  -10.1891
 4.556  11.7035
 4.557  5.5314
 4.558  -15.2414
 4.559  1.3465
 4.560  15.3594
 4.561  -8.7165
 4.562  -11.7178
 4.563  14.5983
 4.564  5.0547
 4.565  -17.3522
 4.566  3.0020
 4.567  16.1794
 4.568  -10.4001
 4.569  -11.3691
 4.570  15.2645
 4.571  4.2143
 4.572  -16.4454
 4.573  3.3771
 4.574  13.8431
 4.575  -9.4541
 4.576  -8.4094
 4.577  12.5951
 4.578  1.8287
 4.579  -12.3030
 4.580  4.0147
 4.581  9.1035
 4.582  -7.6128
 4.583  -4.3233
 4.584  8.2690
 4.585  -0.3714
 4.586  -6.2608
 4.587  3.5207
 4.588  2.6845
 4.589  -4.3236
 4.590  0.9543
 4.591  2.8524
 4.592  -3.2647
 4.593  0.0298
 4.594  3.4311
 4.595  -3.0125
 4.596  -1.4624
 4.597  4.8159
 4.598  -1.8483
 4.599  -4.6398
 4.600  5.2292
 4.601  2.4311
 4.602  -7.3902
 4.603  1.1166
 4.604  7.4773
 4.605  -4.8239
 4.606  -5.3647
 4.607  7.4510
 4.608  1.6878
 4.609  -8.1375
 4.610  2.3897
 4.611  6.7007
 4.612  -5.5913
 4.613  -3.6919
 4.614  6.9764
 4.615  0.1899
 4.616  -6.2668
 4.617  2.5930
 4.618  3.9354
 4.619  -3.7522
 4.620  -1.0262
 4.621  3.0237
 4.622  -1.2318
 4.623  -0.8877
 4.624  1.8825
 4.625  -1.5983
 4.626  -0.6093
 4.627  3.1819
 4.628  -2.1216
 4.629  -2.8852
 4.630  5.1968
 4.631  0.3950
 4.632  -7.2327
 4.633  3.7658
 4.634  7.0678
 4.635  -8.3548
 4.636  -4.2054
 4.637  11.7884
 4.638  -0.9511
 4.639  -12.6610
 4.640  7.1579
 4.641  10.2372
 4.642  -12.6766
 4.643  -4.7489
 4.644  15.8051
 4.645  -2.6080
 4.646  -15.4204
 4.647  9.9888
 4.648  11.3612
 4.649  -15.4339
 4.650  -4.5178
 4.651  17.4568
 4.652  -3.4037
 4.653  -15.4996
 4.654  10.3739
 4.655  10.1101
 4.656  -14.6381
 4.657  -2.7822
 4.658  15.2308
 4.659  -4.4923
 4.660  -12.2458
 4.661  9.8204
 4.662  6.7798
 4.663  -11.9637
 4.664  -0.5687
 4.665  10.6829
 4.666  -4.5617
 4.667  -6.7635
 4.668  7.2562
 4.669  1.7245
 4.670  -7.0226
 4.671  2.6936
 4.672  4.3366
 4.673  -5.0890
 4.674  -0.4345
 4.675  4.8301
 4.676  -3.1318
 4.677  -2.2203
 4.678  5.0221
 4.679  -1.6473
 4.680  -4.5466
 4.681  5.2881
 4.682  1.8703
 4.683  -7.3395
 4.684  2.0739
 4.685  7.0151
 4.686  -5.9278
 4.687  -4.3517
 4.688  8.3829
 4.689  0.1712
 4.690  -8.6234
 4.691  4.2200
 4.692  6.5892
 4.693  -7.4869
 4.694  -2.9715
 4.695  8.7168
 4.696  -1.0493
 4.697  -7.7117
 4.698  4.2282
 4.699  5.0257
 4.700  -5.6926
 4.701  -1.7376
 4.702  5.2364
 4.703  -0.9543
 4.704  -3.3715
 4.705  2.1727
 4.706  1.1176
 4.707  -1.6793
 4.708  0.3931
 4.709  -0.0433
 4.710  -0.3560
 4.711  1.9760
 4.712  -1.3794
 4.713  -2.9505
 4.714  4.2169
 4.715  2.1050
 4.716  -6.9948
 4.717  0.7539
 4.718  8.3861
 4.719  -5.0170
 4.720  -7.3833
 4.721  9.4211
 4.722  3.7017
 4.723  -12.4410
 4.724  2.0441
 4.725  12.7995
 4.726  -8.4622
 4.727  -9.9258
 4.728  13.7760
 4.729  4.2041
 4.730  -16.3678
 4.731  3.0790
 4.732  15.3009
 4.733  -10.0828
 4.734  -10.6464
 4.735  14.9519
 4.736  3.5047
 4.737  -16.3795
 4.738  4.2948
 4.739  14.0118
 4.740  -10.7263
 4.741  -8.5645
 4.742  14.1673
 4.743  1.6091
 4.744  -13.8779
 4.745  4.9038
 4.746  10.2076
 4.747  -9.2358
 4.748  -4.4657
 4.749  10.3777
 4.750  -1.5020
 4.751  -8.3325
 4.752  5.8940
 4.753  4.0752
 4.754  -7.5059
 4.755  0.7902
 4.756  6.0821
 4.757  -4.5635
 4.758  -2.3566
 4.759  5.9952
 4.760  -2.2205
 4.761  -4.6725
 4.762  5.9771
 4.763  1.1231
 4.764  -7.5696
 4.765  3.3885
 4.766  6.4087
 4.767  -7.2989
 4.768  -2.8284
 4.769  9.2683
 4.770  -2.0518
 4.771  -8.6132
 4.772  6.7159
 4.773  5.5101
 4.774  -9.7564
 4.775  -0.9086
 4.776  10.3263
 4.777  -3.8085
 4.778  -8.3882
 4.779  7.2965
 4.780  4.6849
 4.781  -8.6897
 4.782  -0.4502
 4.783  7.8624
 4.784  -3.0329
 4.785  -5.4263
 4.786  4.8720
 4.787  2.4718
 4.788  -4.8500
 4.789  -0.1489
 4.790  3.4587
 4.791  -0.7608
 4.792  -1.6763
 4.793  0.1288
 4.794  0.5693
 4.795  1.4804
 4.796  -0.8653
 4.797  -3.0297
 4.798  2.6504
 4.799  3.4131
 4.800  -5.3043
 4.801  -1.9007
 4.802  7.6997
 4.803  -1.5361
 4.804  -8.6046
 4.805  6.1405
 4.806  7.1471
 4.807  -10.5669
 4.808  -3.1812
 4.809  13.3032
 4.810  -2.5807
 4.811  -13.1806
 4.812  8.7266
 4.813  9.8011
 4.814  -13.5527
 4.815  -3.7337
 4.816  15.5948
 4.817  -3.5984
 4.818  -14.1093
 4.819  10.3117
 4.820  9.3436
 4.821  -14.6216
 4.822  -2.5004
 4.823  15.3880
 4.824  -4.6013
 4.825  -12.4734
 4.826  10.0671
 4.827  6.7947
 4.828  -12.4982
 4.829  -0.0480
 4.830  11.4136
 4.831  -5.8095
 4.832  -7.3859
 4.833  9.1571
 4.834  1.8486
 4.835  -9.1994
 4.836  3.3657
 4.837  6.1922
 4.838  -6.6050
 4.839  -1.3356
 4.840  6.9140
 4.841  -3.6283
 4.842  -4.3194
 4.843  6.9809
 4.844  -0.2020
 4.845  -7.5738
 4.846  5.0579
 4.847  5.1824
 4.848  -8.5651
 4.849  -0.5572
 4.850  9.4936
 4.851  -4.8374
 4.852  -7.4514
 4.853  9.3060
 4.854  2.9933
 4.855  -11.4655
 4.856  2.5794
 4.857  10.6723
 4.858  -7.6516
 4.859  -7.1982
 4.860  10.8150
 4.861  2.1064
 4.862  -11.3028
 4.863  3.1224
 4.864  9.1988
 4.865  -7.0816
 4.866  -5.3592
 4.867  8.8816
 4.868  1.0835
 4.869  -8.3975
 4.870  2.3469
 4.871  6.2458
 4.872  -4.0998
 4.873  -3.5089
 4.874  4.0470
 4.875  1.3110
 4.876  -2.7582
 4.877  -0.3982
 4.878  1.2425
 4.879  0.8734
 4.880  -0.5338
 4.881  -2.1776
 4.882  1.2712
 4.883  3.3228
 4.884  -3.4258
 4.885  -3.2933
 4.886  6.2764
 4.887  1.4685
 4.888  -8.6473
 4.889  2.0856
 4.890  9.3303
 4.891  -6.5673
 4.892  -7.5447
 4.893  10.6608
 4.894  3.2736
 4.895  -12.9593
 4.896  2.6488
 4.897  12.4517
 4.898  -8.7399
 4.899  -8.9046
 4.900  13.3069
 4.901  3.0049
 4.902  -14.9795
 4.903  3.7976
 4.904  13.1655
 4.905  -9.7053
 4.906  -8.2731
 4.907  13.1196
 4.908  1.6210
 4.909  -13.1421
 4.910  4.9449
 4.911  9.8669
 4.912  -9.6091
 4.913  -4.3641
 4.914  11.1441
 4.915  -1.6452
 4.916  -9.2881
 4.917  6.3238
 4.918  4.8210
 4.919  -8.2916
 4.920  0.6880
 4.921  7.0557
 4.922  -5.3807
 4.923  -3.1584
 4.924  7.7002
 4.925  -2.0042
 4.926  -6.8814
 4.927  6.6347
 4.928  3.1858
 4.929  -9.1114
 4.930  2.1907
 4.931  8.5059
 4.932  -7.5062
 4.933  -4.8743
 4.934  11.0298
 4.935  -0.7666
 4.936  -11.5858
 4.937  6.7678
 4.938  8.9138
 4.939  -11.3712
 4.940  -3.7316
 4.941  13.2563
 4.942  -2.5104
 4.943  -11.9352
 4.944  8.0984
 4.945  7.8732
 4.946  -11.5899
 4.947  -2.3038
 4.948  12.2401
 4.949  -3.1916
 4.950  -10.1861
 4.951  7.1960
 4.952  6.3387
 4.953  -8.8882
 4.954  -2.0290
 4.955  8.2560
 4.956  -1.4611
 4.957  -6.0266
 4.958  3.3218
 4.959  3.3506
 4.960  -3.4500
 4.961  -1.3564
 4.962  2.4204
 4.963  0.7341
 4.964  -1.2125
 4.965  -1.4956
 4.966  0.7977
 4.967  2.9925
 4.968  -1.7378
 4.969  -4.1842
 4.970  3.9411
 4.971  4.0565
 4.972  -6.6672
 4.973  -2.0430
 4.974  8.7817
 4.975  -1.7081
 4.976  -9.1743
 4.977  6.3192
 4.978  7.1928
 4.979  -10.4379
 4.980  -2.9371
 4.981  12.6780
 4.982  -2.6977
 4.983  -12.1014
 4.984  8.2561
 4.985  8.5745
 4.986  -12.1657
 4.987  -2.8702
 4.988  13.2458
 4.989  -3.5275
 4.990  -11.1120
 4.991  8.8639
 4.992  6.3355
 4.993  -11.6579
 4.994  -0.2970
 4.995  11.1768
 4.996  -5.2271
 4.997  -7.6812
 4.998  8.6174
 4.999  2.3562
