# sampling time: 0.01 sec
#
 0.000  0.2612
 0.010  0.7577
 0.020  0.7469
 0.030  0.8014
 0.040  0.7151
 0.050  0.1296
 0.060  -0.7047
 0.070  -0.9876
 0.080  -0.8350
 0.090  -0.6614
 0.100  -0.1109
 0.110  0.7021
 0.120  1.1260
 0.130  0.8093
 0.140  0.3350
 0.150  0.1694
 0.160  -0.3296
 0.170  -1.0745
 0.180  -1.1992
 0.190  -0.5288
 0.200  0.2367
 0.210  0.5259
 0.220  0.8006
 0.230  1.0265
 0.240  0.6332
 0.250  -0.0852
 0.260  -0.5957
 0.270  -0.7865
 0.280  -0.9692
 0.290  -0.8457
 0.300  0.0464
 0.310  0.8666
 0.320  0.9480
 0.330  0.6672
 0.340  0.5309
 0.350  0.2869
 0.360  -0.5402
 0.370  -1.1656
 0.380  -0.9772
 0.390  -0.4656
 0.400  0.0067
 0.410  0.4915
 0.420  1.0349
 0.430  1.0314
 0.440  0.3983
 0.450  -0.0606
 0.460  -0.3639
 0.470  -0.8402
 0.480  -1.1943
 0.490  -0.7638
 0.500  0.2612
 0.510  0.7577
 0.520  0.7469
 0.530  0.8014
 0.540  0.7151
 0.550  0.1296
 0.560  -0.7047
 0.570  -0.9876
 0.580  -0.8350
 0.590  -0.6614
 0.600  -0.1109
 0.610  0.7021
 0.620  1.1260
 0.630  0.8093
 0.640  0.3350
 0.650  0.1694
 0.660  -0.3296
 0.670  -1.0745
 0.680  -1.1992
 0.690  -0.5288
 0.700  0.2367
 0.710  0.5259
 0.720  0.8006
 0.730  1.0265
 0.740  0.6332
 0.750  -0.0852
 0.760  -0.5957
 0.770  -0.7865
 0.780  -0.9692
 0.790  -0.8457
 0.800  0.0464
 0.810  0.8666
 0.820  0.9480
 0.830  0.6672
 0.840  0.5309
 0.850  0.2869
 0.860  -0.5402
 0.870  -1.1656
 0.880  -0.9772
 0.890  -0.4656
 0.900  0.0067
 0.910  0.4915
 0.920  1.0349
 0.930  1.0314
 0.940  0.3983
 0.950  -0.0606
 0.960  -0.3639
 0.970  -0.8402
 0.980  -1.1943
 0.990  -0.7638
 1.000  0.2612
 1.010  0.7577
 1.020  0.7469
 1.030  0.8014
 1.040  0.7151
 1.050  0.1296
 1.060  -0.7047
 1.070  -0.9876
 1.080  -0.8350
 1.090  -0.6614
 1.100  -0.1109
 1.110  0.7021
 1.120  1.1260
 1.130  0.8093
 1.140  0.3350
 1.150  0.1694
 1.160  -0.3296
 1.170  -1.0745
 1.180  -1.1992
 1.190  -0.5288
 1.200  0.2367
 1.210  0.5259
 1.220  0.8006
 1.230  1.0265
 1.240  0.6332
 1.250  -0.0852
 1.260  -0.5957
 1.270  -0.7865
 1.280  -0.9692
 1.290  -0.8457
 1.300  0.0464
 1.310  0.8666
 1.320  0.9480
 1.330  0.6672
 1.340  0.5309
 1.350  0.2869
 1.360  -0.5402
 1.370  -1.1656
 1.380  -0.9772
 1.390  -0.4656
 1.400  0.0067
 1.410  0.4915
 1.420  1.0349
 1.430  1.0314
 1.440  0.3983
 1.450  -0.0606
 1.460  -0.3639
 1.470  -0.8402
 1.480  -1.1943
 1.490  -0.7638
 1.500  0.2612
 1.510  0.7577
 1.520  0.7469
 1.530  0.8014
 1.540  0.7151
 1.550  0.1296
 1.560  -0.7047
 1.570  -0.9876
 1.580  -0.8350
 1.590  -0.6614
 1.600  -0.1109
 1.610  0.7021
 1.620  1.1260
 1.630  0.8093
 1.640  0.3350
 1.650  0.1694
 1.660  -0.3296
 1.670  -1.0745
 1.680  -1.1992
 1.690  -0.5288
 1.700  0.2367
 1.710  0.5259
 1.720  0.8006
 1.730  1.0265
 1.740  0.6332
 1.750  -0.0852
 1.760  -0.5957
 1.770  -0.7865
 1.780  -0.9692
 1.790  -0.8457
 1.800  0.0464
 1.810  0.8666
 1.820  0.9480
 1.830  0.6672
 1.840  0.5309
 1.850  0.2869
 1.860  -0.5402
 1.870  -1.1656
 1.880  -0.9772
 1.890  -0.4656
 1.900  0.0067
 1.910  0.4915
 1.920  1.0349
 1.930  1.0314
 1.940  0.3983
 1.950  -0.0606
 1.960  -0.3639
 1.970  -0.8402
 1.980  -1.1943
 1.990  -0.7638
 2.000  0.2612
 2.010  0.7577
 2.020  0.7469
 2.030  0.8014
 2.040  0.7151
 2.050  0.1296
 2.060  -0.7047
 2.070  -0.9876
 2.080  -0.8350
 2.090  -0.6614
 2.100  -0.1109
 2.110  0.7021
 2.120  1.1260
 2.130  0.8093
 2.140  0.3350
 2.150  0.1694
 2.160  -0.3296
 2.170  -1.0745
 2.180  -1.1992
 2.190  -0.5288
 2.200  0.2367
 2.210  0.5259
 2.220  0.8006
 2.230  1.0265
 2.240  0.6332
 2.250  -0.0852
 2.260  -0.5957
 2.270  -0.7865
 2.280  -0.9692
 2.290  -0.8457
 2.300  0.0464
 2.310  0.8666
 2.320  0.9480
 2.330  0.6672
 2.340  0.5309
 2.350  0.2869
 2.360  -0.5402
 2.370  -1.1656
 2.380  -0.9772
 2.390  -0.4656
 2.400  0.0067
 2.410  0.4915
 2.420  1.0349
 2.430  1.0314
 2.440  0.3983
 2.450  -0.0606
 2.460  -0.3639
 2.470  -0.8402
 2.480  -1.1943
 2.490  -0.7638
 2.500  0.2612
 2.510  0.7577
 2.520  0.7469
 2.530  0.8014
 2.540  0.7151
 2.550  0.1296
 2.560  -0.7047
 2.570  -0.9876
 2.580  -0.8350
 2.590  -0.6614
 2.600  -0.1109
 2.610  0.7021
 2.620  1.1260
 2.630  0.8093
 2.640  0.3350
 2.650  0.1694
 2.660  -0.3296
 2.670  -1.0745
 2.680  -1.1992
 2.690  -0.5288
 2.700  0.2367
 2.710  0.5259
 2.720  0.8006
 2.730  1.0265
 2.740  0.6332
 2.750  -0.0852
 2.760  -0.5957
 2.770  -0.7865
 2.780  -0.9692
 2.790  -0.8457
 2.800  0.0464
 2.810  0.8666
 2.820  0.9480
 2.830  0.6672
 2.840  0.5309
 2.850  0.2869
 2.860  -0.5402
 2.870  -1.1656
 2.880  -0.9772
 2.890  -0.4656
 2.900  0.0067
 2.910  0.4915
 2.920  1.0349
 2.930  1.0314
 2.940  0.3983
 2.950  -0.0606
 2.960  -0.3639
 2.970  -0.8402
 2.980  -1.1943
 2.990  -0.7638
 3.000  0.2612
 3.010  0.7577
 3.020  0.7469
 3.030  0.8014
 3.040  0.7151
 3.050  0.1296
 3.060  -0.7047
 3.070  -0.9876
 3.080  -0.8350
 3.090  -0.6614
 3.100  -0.1109
 3.110  0.7021
 3.120  1.1260
 3.130  0.8093
 3.140  0.3350
 3.150  0.1694
 3.160  -0.3296
 3.170  -1.0745
 3.180  -1.1992
 3.190  -0.5288
 3.200  0.2367
 3.210  0.5259
 3.220  0.8006
 3.230  1.0265
 3.240  0.6332
 3.250  -0.0852
 3.260  -0.5957
 3.270  -0.7865
 3.280  -0.9692
 3.290  -0.8457
 3.300  0.0464
 3.310  0.8666
 3.320  0.9480
 3.330  0.6672
 3.340  0.5309
 3.350  0.2869
 3.360  -0.5402
 3.370  -1.1656
 3.380  -0.9772
 3.390  -0.4656
 3.400  0.0067
 3.410  0.4915
 3.420  1.0349
 3.430  1.0314
 3.440  0.3983
 3.450  -0.0606
 3.460  -0.3639
 3.470  -0.8402
 3.480  -1.1943
 3.490  -0.7638
 3.500  0.2612
 3.510  0.7577
 3.520  0.7469
 3.530  0.8014
 3.540  0.7151
 3.550  0.1296
 3.560  -0.7047
 3.570  -0.9876
 3.580  -0.8350
 3.590  -0.6614
 3.600  -0.1109
 3.610  0.7021
 3.620  1.1260
 3.630  0.8093
 3.640  0.3350
 3.650  0.1694
 3.660  -0.3296
 3.670  -1.0745
 3.680  -1.1992
 3.690  -0.5288
 3.700  0.2367
 3.710  0.5259
 3.720  0.8006
 3.730  1.0265
 3.740  0.6332
 3.750  -0.0852
 3.760  -0.5957
 3.770  -0.7865
 3.780  -0.9692
 3.790  -0.8457
 3.800  0.0464
 3.810  0.8666
 3.820  0.9480
 3.830  0.6672
 3.840  0.5309
 3.850  0.2869
 3.860  -0.5402
 3.870  -1.1656
 3.880  -0.9772
 3.890  -0.4656
 3.900  0.0067
 3.910  0.4915
 3.920  1.0349
 3.930  1.0314
 3.940  0.3983
 3.950  -0.0606
 3.960  -0.3639
 3.970  -0.8402
 3.980  -1.1943
 3.990  -0.7638
 4.000  0.2612
 4.010  0.7577
 4.020  0.7469
 4.030  0.8014
 4.040  0.7151
 4.050  0.1296
 4.060  -0.7047
 4.070  -0.9876
 4.080  -0.8350
 4.090  -0.6614
 4.100  -0.1109
 4.110  0.7021
 4.120  1.1260
 4.130  0.8093
 4.140  0.3350
 4.150  0.1694
 4.160  -0.3296
 4.170  -1.0745
 4.180  -1.1992
 4.190  -0.5288
 4.200  0.2367
 4.210  0.5259
 4.220  0.8006
 4.230  1.0265
 4.240  0.6332
 4.250  -0.0852
 4.260  -0.5957
 4.270  -0.7865
 4.280  -0.9692
 4.290  -0.8457
 4.300  0.0464
 4.310  0.8666
 4.320  0.9480
 4.330  0.6672
 4.340  0.5309
 4.350  0.2869
 4.360  -0.5402
 4.370  -1.1656
 4.380  -0.9772
 4.390  -0.4656
 4.400  0.0067
 4.410  0.4915
 4.420  1.0349
 4.430  1.0314
 4.440  0.3983
 4.450  -0.0606
 4.460  -0.3639
 4.470  -0.8402
 4.480  -1.1943
 4.490  -0.7638
 4.500  0.2612
 4.510  0.7577
 4.520  0.7469
 4.530  0.8014
 4.540  0.7151
 4.550  0.1296
 4.560  -0.7047
 4.570  -0.9876
 4.580  -0.8350
 4.590  -0.6614
 4.600  -0.1109
 4.610  0.7021
 4.620  1.1260
 4.630  0.8093
 4.640  0.3350
 4.650  0.1694
 4.660  -0.3296
 4.670  -1.0745
 4.680  -1.1992
 4.690  -0.5288
 4.700  0.2367
 4.710  0.5259
 4.720  0.8006
 4.730  1.0265
 4.740  0.6332
 4.750  -0.0852
 4.760  -0.5957
 4.770  -0.7865
 4.780  -0.9692
 4.790  -0.8457
 4.800  0.0464
 4.810  0.8666
 4.820  0.9480
 4.830  0.6672
 4.840  0.5309
 4.850  0.2869
 4.860  -0.5402
 4.870  -1.1656
 4.880  -0.9772
 4.890  -0.4656
 4.900  0.0067
 4.910  0.4915
 4.920  1.0349
 4.930  1.0314
 4.940  0.3983
 4.950  -0.0606
 4.960  -0.3639
 4.970  -0.8402
 4.980  -1.1943
 4.990  -0.7638
 5.000  0.2612
 5.010  0.7577
 5.020  0.7469
 5.030  0.8014
 5.040  0.7151
 5.050  0.1296
 5.060  -0.7047
 5.070  -0.9876
 5.080  -0.8350
 5.090  -0.6614
 5.100  -0.1109
 5.110  0.7021
 5.120  1.1260
 5.130  0.8093
 5.140  0.3350
 5.150  0.1694
 5.160  -0.3296
 5.170  -1.0745
 5.180  -1.1992
 5.190  -0.5288
 5.200  0.2367
 5.210  0.5259
 5.220  0.8006
 5.230  1.0265
 5.240  0.6332
 5.250  -0.0852
 5.260  -0.5957
 5.270  -0.7865
 5.280  -0.9692
 5.290  -0.8457
 5.300  0.0464
 5.310  0.8666
 5.320  0.9480
 5.330  0.6672
 5.340  0.5309
 5.350  0.2869
 5.360  -0.5402
 5.370  -1.1656
 5.380  -0.9772
 5.390  -0.4656
 5.400  0.0067
 5.410  0.4915
 5.420  1.0349
 5.430  1.0314
 5.440  0.3983
 5.450  -0.0606
 5.460  -0.3639
 5.470  -0.8402
 5.480  -1.1943
 5.490  -0.7638
 5.500  0.2612
 5.510  0.7577
 5.520  0.7469
 5.530  0.8014
 5.540  0.7151
 5.550  0.1296
 5.560  -0.7047
 5.570  -0.9876
 5.580  -0.8350
 5.590  -0.6614
 5.600  -0.1109
 5.610  0.7021
 5.620  1.1260
 5.630  0.8093
 5.640  0.3350
 5.650  0.1694
 5.660  -0.3296
 5.670  -1.0745
 5.680  -1.1992
 5.690  -0.5288
 5.700  0.2367
 5.710  0.5259
 5.720  0.8006
 5.730  1.0265
 5.740  0.6332
 5.750  -0.0852
 5.760  -0.5957
 5.770  -0.7865
 5.780  -0.9692
 5.790  -0.8457
 5.800  0.0464
 5.810  0.8666
 5.820  0.9480
 5.830  0.6672
 5.840  0.5309
 5.850  0.2869
 5.860  -0.5402
 5.870  -1.1656
 5.880  -0.9772
 5.890  -0.4656
 5.900  0.0067
 5.910  0.4915
 5.920  1.0349
 5.930  1.0314
 5.940  0.3983
 5.950  -0.0606
 5.960  -0.3639
 5.970  -0.8402
 5.980  -1.1943
 5.990  -0.7638
 6.000  0.2612
 6.010  0.7577
 6.020  0.7469
 6.030  0.8014
 6.040  0.7151
 6.050  0.1296
 6.060  -0.7047
 6.070  -0.9876
 6.080  -0.8350
 6.090  -0.6614
 6.100  -0.1109
 6.110  0.7021
 6.120  1.1260
 6.130  0.8093
 6.140  0.3350
 6.150  0.1694
 6.160  -0.3296
 6.170  -1.0745
 6.180  -1.1992
 6.190  -0.5288
 6.200  0.2367
 6.210  0.5259
 6.220  0.8006
 6.230  1.0265
 6.240  0.6332
 6.250  -0.0852
 6.260  -0.5957
 6.270  -0.7865
 6.280  -0.9692
 6.290  -0.8457
 6.300  0.0464
 6.310  0.8666
 6.320  0.9480
 6.330  0.6672
 6.340  0.5309
 6.350  0.2869
 6.360  -0.5402
 6.370  -1.1656
 6.380  -0.9772
 6.390  -0.4656
 6.400  0.0067
 6.410  0.4915
 6.420  1.0349
 6.430  1.0314
 6.440  0.3983
 6.450  -0.0606
 6.460  -0.3639
 6.470  -0.8402
 6.480  -1.1943
 6.490  -0.7638
 6.500  0.2612
 6.510  0.7577
 6.520  0.7469
 6.530  0.8014
 6.540  0.7151
 6.550  0.1296
 6.560  -0.7047
 6.570  -0.9876
 6.580  -0.8350
 6.590  -0.6614
 6.600  -0.1109
 6.610  0.7021
 6.620  1.1260
 6.630  0.8093
 6.640  0.3350
 6.650  0.1694
 6.660  -0.3296
 6.670  -1.0745
 6.680  -1.1992
 6.690  -0.5288
 6.700  0.2367
 6.710  0.5259
 6.720  0.8006
 6.730  1.0265
 6.740  0.6332
 6.750  -0.0852
 6.760  -0.5957
 6.770  -0.7865
 6.780  -0.9692
 6.790  -0.8457
 6.800  0.0464
 6.810  0.8666
 6.820  0.9480
 6.830  0.6672
 6.840  0.5309
 6.850  0.2869
 6.860  -0.5402
 6.870  -1.1656
 6.880  -0.9772
 6.890  -0.4656
 6.900  0.0067
 6.910  0.4915
 6.920  1.0349
 6.930  1.0314
 6.940  0.3983
 6.950  -0.0606
 6.960  -0.3639
 6.970  -0.8402
 6.980  -1.1943
 6.990  -0.7638
 7.000  0.2612
 7.010  0.7577
 7.020  0.7469
 7.030  0.8014
 7.040  0.7151
 7.050  0.1296
 7.060  -0.7047
 7.070  -0.9876
 7.080  -0.8350
 7.090  -0.6614
 7.100  -0.1109
 7.110  0.7021
 7.120  1.1260
 7.130  0.8093
 7.140  0.3350
 7.150  0.1694
 7.160  -0.3296
 7.170  -1.0745
 7.180  -1.1992
 7.190  -0.5288
 7.200  0.2367
 7.210  0.5259
 7.220  0.8006
 7.230  1.0265
 7.240  0.6332
 7.250  -0.0852
 7.260  -0.5957
 7.270  -0.7865
 7.280  -0.9692
 7.290  -0.8457
 7.300  0.0464
 7.310  0.8666
 7.320  0.9480
 7.330  0.6672
 7.340  0.5309
 7.350  0.2869
 7.360  -0.5402
 7.370  -1.1656
 7.380  -0.9772
 7.390  -0.4656
 7.400  0.0067
 7.410  0.4915
 7.420  1.0349
 7.430  1.0314
 7.440  0.3983
 7.450  -0.0606
 7.460  -0.3639
 7.470  -0.8402
 7.480  -1.1943
 7.490  -0.7638
 7.500  0.2612
 7.510  0.7577
 7.520  0.7469
 7.530  0.8014
 7.540  0.7151
 7.550  0.1296
 7.560  -0.7047
 7.570  -0.9876
 7.580  -0.8350
 7.590  -0.6614
 7.600  -0.1109
 7.610  0.7021
 7.620  1.1260
 7.630  0.8093
 7.640  0.3350
 7.650  0.1694
 7.660  -0.3296
 7.670  -1.0745
 7.680  -1.1992
 7.690  -0.5288
 7.700  0.2367
 7.710  0.5259
 7.720  0.8006
 7.730  1.0265
 7.740  0.6332
 7.750  -0.0852
 7.760  -0.5957
 7.770  -0.7865
 7.780  -0.9692
 7.790  -0.8457
 7.800  0.0464
 7.810  0.8666
 7.820  0.9480
 7.830  0.6672
 7.840  0.5309
 7.850  0.2869
 7.860  -0.5402
 7.870  -1.1656
 7.880  -0.9772
 7.890  -0.4656
 7.900  0.0067
 7.910  0.4915
 7.920  1.0349
 7.930  1.0314
 7.940  0.3983
 7.950  -0.0606
 7.960  -0.3639
 7.970  -0.8402
 7.980  -1.1943
 7.990  -0.7638
 8.000  0.2612
 8.010  0.7577
 8.020  0.7469
 8.030  0.8014
 8.040  0.7151
 8.050  0.1296
 8.060  -0.7047
 8.070  -0.9876
 8.080  -0.8350
 8.090  -0.6614
 8.100  -0.1109
 8.110  0.7021
 8.120  1.1260
 8.130  0.8093
 8.140  0.3350
 8.150  0.1694
 8.160  -0.3296
 8.170  -1.0745
 8.180  -1.1992
 8.190  -0.5288
 8.200  0.2367
 8.210  0.5259
 8.220  0.8006
 8.230  1.0265
 8.240  0.6332
 8.250  -0.0852
 8.260  -0.5957
 8.270  -0.7865
 8.280  -0.9692
 8.290  -0.8457
 8.300  0.0464
 8.310  0.8666
 8.320  0.9480
 8.330  0.6672
 8.340  0.5309
 8.350  0.2869
 8.360  -0.5402
 8.370  -1.1656
 8.380  -0.9772
 8.390  -0.4656
 8.400  0.0067
 8.410  0.4915
 8.420  1.0349
 8.430  1.0314
 8.440  0.3983
 8.450  -0.0606
 8.460  -0.3639
 8.470  -0.8402
 8.480  -1.1943
 8.490  -0.7638
 8.500  0.2612
 8.510  0.7577
 8.520  0.7469
 8.530  0.8014
 8.540  0.7151
 8.550  0.1296
 8.560  -0.7047
 8.570  -0.9876
 8.580  -0.8350
 8.590  -0.6614
 8.600  -0.1109
 8.610  0.7021
 8.620  1.1260
 8.630  0.8093
 8.640  0.3350
 8.650  0.1694
 8.660  -0.3296
 8.670  -1.0745
 8.680  -1.1992
 8.690  -0.5288
 8.700  0.2367
 8.710  0.5259
 8.720  0.8006
 8.730  1.0265
 8.740  0.6332
 8.750  -0.0852
 8.760  -0.5957
 8.770  -0.7865
 8.780  -0.9692
 8.790  -0.8457
 8.800  0.0464
 8.810  0.8666
 8.820  0.9480
 8.830  0.6672
 8.840  0.5309
 8.850  0.2869
 8.860  -0.5402
 8.870  -1.1656
 8.880  -0.9772
 8.890  -0.4656
 8.900  0.0067
 8.910  0.4915
 8.920  1.0349
 8.930  1.0314
 8.940  0.3983
 8.950  -0.0606
 8.960  -0.3639
 8.970  -0.8402
 8.980  -1.1943
 8.990  -0.7638
 9.000  0.2612
 9.010  0.7577
 9.020  0.7469
 9.030  0.8014
 9.040  0.7151
 9.050  0.1296
 9.060  -0.7047
 9.070  -0.9876
 9.080  -0.8350
 9.090  -0.6614
 9.100  -0.1109
 9.110  0.7021
 9.120  1.1260
 9.130  0.8093
 9.140  0.3350
 9.150  0.1694
 9.160  -0.3296
 9.170  -1.0745
 9.180  -1.1992
 9.190  -0.5288
 9.200  0.2367
 9.210  0.5259
 9.220  0.8006
 9.230  1.0265
 9.240  0.6332
 9.250  -0.0852
 9.260  -0.5957
 9.270  -0.7865
 9.280  -0.9692
 9.290  -0.8457
 9.300  0.0464
 9.310  0.8666
 9.320  0.9480
 9.330  0.6672
 9.340  0.5309
 9.350  0.2869
 9.360  -0.5402
 9.370  -1.1656
 9.380  -0.9772
 9.390  -0.4656
 9.400  0.0067
 9.410  0.4915
 9.420  1.0349
 9.430  1.0314
 9.440  0.3983
 9.450  -0.0606
 9.460  -0.3639
 9.470  -0.8402
 9.480  -1.1943
 9.490  -0.7638
 9.500  0.2612
 9.510  0.7577
 9.520  0.7469
 9.530  0.8014
 9.540  0.7151
 9.550  0.1296
 9.560  -0.7047
 9.570  -0.9876
 9.580  -0.8350
 9.590  -0.6614
 9.600  -0.1109
 9.610  0.7021
 9.620  1.1260
 9.630  0.8093
 9.640  0.3350
 9.650  0.1694
 9.660  -0.3296
 9.670  -1.0745
 9.680  -1.1992
 9.690  -0.5288
 9.700  0.2367
 9.710  0.5259
 9.720  0.8006
 9.730  1.0265
 9.740  0.6332
 9.750  -0.0852
 9.760  -0.5957
 9.770  -0.7865
 9.780  -0.9692
 9.790  -0.8457
 9.800  0.0464
 9.810  0.8666
 9.820  0.9480
 9.830  0.6672
 9.840  0.5309
 9.850  0.2869
 9.860  -0.5402
 9.870  -1.1656
 9.880  -0.9772
 9.890  -0.4656
 9.900  0.0067
 9.910  0.4915
 9.920  1.0349
 9.930  1.0314
 9.940  0.3983
 9.950  -0.0606
 9.960  -0.3639
 9.970  -0.8402
 9.980  -1.1943
 9.990  -0.7638
10.000  0.2612
10.010  0.7577
10.020  0.7469
10.030  0.8014
10.040  0.7151
10.050  0.1296
10.060  -0.7047
10.070  -0.9876
10.080  -0.8350
10.090  -0.6614
10.100  -0.1109
10.110  0.7021
10.120  1.1260
10.130  0.8093
10.140  0.3350
10.150  0.1694
10.160  -0.3296
10.170  -1.0745
10.180  -1.1992
10.190  -0.5288
10.200  0.2367
10.210  0.5259
10.220  0.8006
10.230  1.0265
10.240  0.6332
10.250  -0.0852
10.260  -0.5957
10.270  -0.7865
10.280  -0.9692
10.290  -0.8457
10.300  0.0464
10.310  0.8666
10.320  0.9480
10.330  0.6672
10.340  0.5309
10.350  0.2869
10.360  -0.5402
10.370  -1.1656
10.380  -0.9772
10.390  -0.4656
10.400  0.0067
10.410  0.4915
10.420  1.0349
10.430  1.0314
10.440  0.3983
10.450  -0.0606
10.460  -0.3639
10.470  -0.8402
10.480  -1.1943
10.490  -0.7638
10.500  0.2612
10.510  0.7577
10.520  0.7469
10.530  0.8014
10.540  0.7151
10.550  0.1296
10.560  -0.7047
10.570  -0.9876
10.580  -0.8350
10.590  -0.6614
10.600  -0.1109
10.610  0.7021
10.620  1.1260
10.630  0.8093
10.640  0.3350
10.650  0.1694
10.660  -0.3296
10.670  -1.0745
10.680  -1.1992
10.690  -0.5288
10.700  0.2367
10.710  0.5259
10.720  0.8006
10.730  1.0265
10.740  0.6332
10.750  -0.0852
10.760  -0.5957
10.770  -0.7865
10.780  -0.9692
10.790  -0.8457
10.800  0.0464
10.810  0.8666
10.820  0.9480
10.830  0.6672
10.840  0.5309
10.850  0.2869
10.860  -0.5402
10.870  -1.1656
10.880  -0.9772
10.890  -0.4656
10.900  0.0067
10.910  0.4915
10.920  1.0349
10.930  1.0314
10.940  0.3983
10.950  -0.0606
10.960  -0.3639
10.970  -0.8402
10.980  -1.1943
10.990  -0.7638
11.000  0.2612
11.010  0.7577
11.020  0.7469
11.030  0.8014
11.040  0.7151
11.050  0.1296
11.060  -0.7047
11.070  -0.9876
11.080  -0.8350
11.090  -0.6614
11.100  -0.1109
11.110  0.7021
11.120  1.1260
11.130  0.8093
11.140  0.3350
11.150  0.1694
11.160  -0.3296
11.170  -1.0745
11.180  -1.1992
11.190  -0.5288
11.200  0.2367
11.210  0.5259
11.220  0.8006
11.230  1.0265
11.240  0.6332
11.250  -0.0852
11.260  -0.5957
11.270  -0.7865
11.280  -0.9692
11.290  -0.8457
11.300  0.0464
11.310  0.8666
11.320  0.9480
11.330  0.6672
11.340  0.5309
11.350  0.2869
11.360  -0.5402
11.370  -1.1656
11.380  -0.9772
11.390  -0.4656
11.400  0.0067
11.410  0.4915
11.420  1.0349
11.430  1.0314
11.440  0.3983
11.450  -0.0606
11.460  -0.3639
11.470  -0.8402
11.480  -1.1943
11.490  -0.7638
11.500  0.2612
11.510  0.7577
11.520  0.7469
11.530  0.8014
11.540  0.7151
11.550  0.1296
11.560  -0.7047
11.570  -0.9876
11.580  -0.8350
11.590  -0.6614
11.600  -0.1109
11.610  0.7021
11.620  1.1260
11.630  0.8093
11.640  0.3350
11.650  0.1694
11.660  -0.3296
11.670  -1.0745
11.680  -1.1992
11.690  -0.5288
11.700  0.2367
11.710  0.5259
11.720  0.8006
11.730  1.0265
11.740  0.6332
11.750  -0.0852
11.760  -0.5957
11.770  -0.7865
11.780  -0.9692
11.790  -0.8457
11.800  0.0464
11.810  0.8666
11.820  0.9480
11.830  0.6672
11.840  0.5309
11.850  0.2869
11.860  -0.5402
11.870  -1.1656
11.880  -0.9772
11.890  -0.4656
11.900  0.0067
11.910  0.4915
11.920  1.0349
11.930  1.0314
11.940  0.3983
11.950  -0.0606
11.960  -0.3639
11.970  -0.8402
11.980  -1.1943
11.990  -0.7638
12.000  0.2612
12.010  0.7577
12.020  0.7469
12.030  0.8014
12.040  0.7151
12.050  0.1296
12.060  -0.7047
12.070  -0.9876
12.080  -0.8350
12.090  -0.6614
12.100  -0.1109
12.110  0.7021
12.120  1.1260
12.130  0.8093
12.140  0.3350
12.150  0.1694
12.160  -0.3296
12.170  -1.0745
12.180  -1.1992
12.190  -0.5288
12.200  0.2367
12.210  0.5259
12.220  0.8006
12.230  1.0265
12.240  0.6332
12.250  -0.0852
12.260  -0.5957
12.270  -0.7865
12.280  -0.9692
12.290  -0.8457
12.300  0.0464
12.310  0.8666
12.320  0.9480
12.330  0.6672
12.340  0.5309
12.350  0.2869
12.360  -0.5402
12.370  -1.1656
12.380  -0.9772
12.390  -0.4656
12.400  0.0067
12.410  0.4915
12.420  1.0349
12.430  1.0314
12.440  0.3983
12.450  -0.0606
12.460  -0.3639
12.470  -0.8402
12.480  -1.1943
12.490  -0.7638
12.500  0.2612
12.510  0.7577
12.520  0.7469
12.530  0.8014
12.540  0.7151
12.550  0.1296
12.560  -0.7047
12.570  -0.9876
12.580  -0.8350
12.590  -0.6614
12.600  -0.1109
12.610  0.7021
12.620  1.1260
12.630  0.8093
12.640  0.3350
12.650  0.1694
12.660  -0.3296
12.670  -1.0745
12.680  -1.1992
12.690  -0.5288
12.700  0.2367
12.710  0.5259
12.720  0.8006
12.730  1.0265
12.740  0.6332
12.750  -0.0852
12.760  -0.5957
12.770  -0.7865
12.780  -0.9692
12.790  -0.8457
12.800  0.0464
12.810  0.8666
12.820  0.9480
12.830  0.6672
12.840  0.5309
12.850  0.2869
12.860  -0.5402
12.870  -1.1656
12.880  -0.9772
12.890  -0.4656
12.900  0.0067
12.910  0.4915
12.920  1.0349
12.930  1.0314
12.940  0.3983
12.950  -0.0606
12.960  -0.3639
12.970  -0.8402
12.980  -1.1943
12.990  -0.7638
13.000  0.2612
13.010  0.7577
13.020  0.7469
13.030  0.8014
13.040  0.7151
13.050  0.1296
13.060  -0.7047
13.070  -0.9876
13.080  -0.8350
13.090  -0.6614
13.100  -0.1109
13.110  0.7021
13.120  1.1260
13.130  0.8093
13.140  0.3350
13.150  0.1694
13.160  -0.3296
13.170  -1.0745
13.180  -1.1992
13.190  -0.5288
13.200  0.2367
13.210  0.5259
13.220  0.8006
13.230  1.0265
13.240  0.6332
13.250  -0.0852
13.260  -0.5957
13.270  -0.7865
13.280  -0.9692
13.290  -0.8457
13.300  0.0464
13.310  0.8666
13.320  0.9480
13.330  0.6672
13.340  0.5309
13.350  0.2869
13.360  -0.5402
13.370  -1.1656
13.380  -0.9772
13.390  -0.4656
13.400  0.0067
13.410  0.4915
13.420  1.0349
13.430  1.0314
13.440  0.3983
13.450  -0.0606
13.460  -0.3639
13.470  -0.8402
13.480  -1.1943
13.490  -0.7638
13.500  0.2612
13.510  0.7577
13.520  0.7469
13.530  0.8014
13.540  0.7151
13.550  0.1296
13.560  -0.7047
13.570  -0.9876
13.580  -0.8350
13.590  -0.6614
13.600  -0.1109
13.610  0.7021
13.620  1.1260
13.630  0.8093
13.640  0.3350
13.650  0.1694
13.660  -0.3296
13.670  -1.0745
13.680  -1.1992
13.690  -0.5288
13.700  0.2367
13.710  0.5259
13.720  0.8006
13.730  1.0265
13.740  0.6332
13.750  -0.0852
13.760  -0.5957
13.770  -0.7865
13.780  -0.9692
13.790  -0.8457
13.800  0.0464
13.810  0.8666
13.820  0.9480
13.830  0.6672
13.840  0.5309
13.850  0.2869
13.860  -0.5402
13.870  -1.1656
13.880  -0.9772
13.890  -0.4656
13.900  0.0067
13.910  0.4915
13.920  1.0349
13.930  1.0314
13.940  0.3983
13.950  -0.0606
13.960  -0.3639
13.970  -0.8402
13.980  -1.1943
13.990  -0.7638
14.000  0.2612
14.010  0.7577
14.020  0.7469
14.030  0.8014
14.040  0.7151
14.050  0.1296
14.060  -0.7047
14.070  -0.9876
14.080  -0.8350
14.090  -0.6614
14.100  -0.1109
14.110  0.7021
14.120  1.1260
14.130  0.8093
14.140  0.3350
14.150  0.1694
14.160  -0.3296
14.170  -1.0745
14.180  -1.1992
14.190  -0.5288
14.200  0.2367
14.210  0.5259
14.220  0.8006
14.230  1.0265
14.240  0.6332
14.250  -0.0852
14.260  -0.5957
14.270  -0.7865
14.280  -0.9692
14.290  -0.8457
14.300  0.0464
14.310  0.8666
14.320  0.9480
14.330  0.6672
14.340  0.5309
14.350  0.2869
14.360  -0.5402
14.370  -1.1656
14.380  -0.9772
14.390  -0.4656
14.400  0.0067
14.410  0.4915
14.420  1.0349
14.430  1.0314
14.440  0.3983
14.450  -0.0606
14.460  -0.3639
14.470  -0.8402
14.480  -1.1943
14.490  -0.7638
14.500  0.2612
14.510  0.7577
14.520  0.7469
14.530  0.8014
14.540  0.7151
14.550  0.1296
14.560  -0.7047
14.570  -0.9876
14.580  -0.8350
14.590  -0.6614
14.600  -0.1109
14.610  0.7021
14.620  1.1260
14.630  0.8093
14.640  0.3350
14.650  0.1694
14.660  -0.3296
14.670  -1.0745
14.680  -1.1992
14.690  -0.5288
14.700  0.2367
14.710  0.5259
14.720  0.8006
14.730  1.0265
14.740  0.6332
14.750  -0.0852
14.760  -0.5957
14.770  -0.7865
14.780  -0.9692
14.790  -0.8457
14.800  0.0464
14.810  0.8666
14.820  0.9480
14.830  0.6672
14.840  0.5309
14.850  0.2869
14.860  -0.5402
14.870  -1.1656
14.880  -0.9772
14.890  -0.4656
14.900  0.0067
14.910  0.4915
14.920  1.0349
14.930  1.0314
14.940  0.3983
14.950  -0.0606
14.960  -0.3639
14.970  -0.8402
14.980  -1.1943
14.990  -0.7638
15.000  0.2612
15.010  0.7577
15.020  0.7469
15.030  0.8014
15.040  0.7151
15.050  0.1296
15.060  -0.7047
15.070  -0.9876
15.080  -0.8350
15.090  -0.6614
15.100  -0.1109
15.110  0.7021
15.120  1.1260
15.130  0.8093
15.140  0.3350
15.150  0.1694
15.160  -0.3296
15.170  -1.0745
15.180  -1.1992
15.190  -0.5288
15.200  0.2367
15.210  0.5259
15.220  0.8006
15.230  1.0265
15.240  0.6332
15.250  -0.0852
15.260  -0.5957
15.270  -0.7865
15.280  -0.9692
15.290  -0.8457
15.300  0.0464
15.310  0.8666
15.320  0.9480
15.330  0.6672
15.340  0.5309
15.350  0.2869
15.360  -0.5402
15.370  -1.1656
15.380  -0.9772
15.390  -0.4656
15.400  0.0067
15.410  0.4915
15.420  1.0349
15.430  1.0314
15.440  0.3983
15.450  -0.0606
15.460  -0.3639
15.470  -0.8402
15.480  -1.1943
15.490  -0.7638
15.500  0.2612
15.510  0.7577
15.520  0.7469
15.530  0.8014
15.540  0.7151
15.550  0.1296
15.560  -0.7047
15.570  -0.9876
15.580  -0.8350
15.590  -0.6614
15.600  -0.1109
15.610  0.7021
15.620  1.1260
15.630  0.8093
15.640  0.3350
15.650  0.1694
15.660  -0.3296
15.670  -1.0745
15.680  -1.1992
15.690  -0.5288
15.700  0.2367
15.710  0.5259
15.720  0.8006
15.730  1.0265
15.740  0.6332
15.750  -0.0852
15.760  -0.5957
15.770  -0.7865
15.780  -0.9692
15.790  -0.8457
15.800  0.0464
15.810  0.8666
15.820  0.9480
15.830  0.6672
15.840  0.5309
15.850  0.2869
15.860  -0.5402
15.870  -1.1656
15.880  -0.9772
15.890  -0.4656
15.900  0.0067
15.910  0.4915
15.920  1.0349
15.930  1.0314
15.940  0.3983
15.950  -0.0606
15.960  -0.3639
15.970  -0.8402
15.980  -1.1943
15.990  -0.7638
16.000  0.2612
16.010  0.7577
16.020  0.7469
16.030  0.8014
16.040  0.7151
16.050  0.1296
16.060  -0.7047
16.070  -0.9876
16.080  -0.8350
16.090  -0.6614
16.100  -0.1109
16.110  0.7021
16.120  1.1260
16.130  0.8093
16.140  0.3350
16.150  0.1694
16.160  -0.3296
16.170  -1.0745
16.180  -1.1992
16.190  -0.5288
16.200  0.2367
16.210  0.5259
16.220  0.8006
16.230  1.0265
16.240  0.6332
16.250  -0.0852
16.260  -0.5957
16.270  -0.7865
16.280  -0.9692
16.290  -0.8457
16.300  0.0464
16.310  0.8666
16.320  0.9480
16.330  0.6672
16.340  0.5309
16.350  0.2869
16.360  -0.5402
16.370  -1.1656
16.380  -0.9772
16.390  -0.4656
16.400  0.0067
16.410  0.4915
16.420  1.0349
16.430  1.0314
16.440  0.3983
16.450  -0.0606
16.460  -0.3639
16.470  -0.8402
16.480  -1.1943
16.490  -0.7638
16.500  0.2612
16.510  0.7577
16.520  0.7469
16.530  0.8014
16.540  0.7151
16.550  0.1296
16.560  -0.7047
16.570  -0.9876
16.580  -0.8350
16.590  -0.6614
16.600  -0.1109
16.610  0.7021
16.620  1.1260
16.630  0.8093
16.640  0.3350
16.650  0.1694
16.660  -0.3296
16.670  -1.0745
16.680  -1.1992
16.690  -0.5288
16.700  0.2367
16.710  0.5259
16.720  0.8006
16.730  1.0265
16.740  0.6332
16.750  -0.0852
16.760  -0.5957
16.770  -0.7865
16.780  -0.9692
16.790  -0.8457
16.800  0.0464
16.810  0.8666
16.820  0.9480
16.830  0.6672
16.840  0.5309
16.850  0.2869
16.860  -0.5402
16.870  -1.1656
16.880  -0.9772
16.890  -0.4656
16.900  0.0067
16.910  0.4915
16.920  1.0349
16.930  1.0314
16.940  0.3983
16.950  -0.0606
16.960  -0.3639
16.970  -0.8402
16.980  -1.1943
16.990  -0.7638
17.000  0.2612
17.010  0.7577
17.020  0.7469
17.030  0.8014
17.040  0.7151
17.050  0.1296
17.060  -0.7047
17.070  -0.9876
17.080  -0.8350
17.090  -0.6614
17.100  -0.1109
17.110  0.7021
17.120  1.1260
17.130  0.8093
17.140  0.3350
17.150  0.1694
17.160  -0.3296
17.170  -1.0745
17.180  -1.1992
17.190  -0.5288
17.200  0.2367
17.210  0.5259
17.220  0.8006
17.230  1.0265
17.240  0.6332
17.250  -0.0852
17.260  -0.5957
17.270  -0.7865
17.280  -0.9692
17.290  -0.8457
17.300  0.0464
17.310  0.8666
17.320  0.9480
17.330  0.6672
17.340  0.5309
17.350  0.2869
17.360  -0.5402
17.370  -1.1656
17.380  -0.9772
17.390  -0.4656
17.400  0.0067
17.410  0.4915
17.420  1.0349
17.430  1.0314
17.440  0.3983
17.450  -0.0606
17.460  -0.3639
17.470  -0.8402
17.480  -1.1943
17.490  -0.7638
17.500  0.2612
17.510  0.7577
17.520  0.7469
17.530  0.8014
17.540  0.7151
17.550  0.1296
17.560  -0.7047
17.570  -0.9876
17.580  -0.8350
17.590  -0.6614
17.600  -0.1109
17.610  0.7021
17.620  1.1260
17.630  0.8093
17.640  0.3350
17.650  0.1694
17.660  -0.3296
17.670  -1.0745
17.680  -1.1992
17.690  -0.5288
17.700  0.2367
17.710  0.5259
17.720  0.8006
17.730  1.0265
17.740  0.6332
17.750  -0.0852
17.760  -0.5957
17.770  -0.7865
17.780  -0.9692
17.790  -0.8457
17.800  0.0464
17.810  0.8666
17.820  0.9480
17.830  0.6672
17.840  0.5309
17.850  0.2869
17.860  -0.5402
17.870  -1.1656
17.880  -0.9772
17.890  -0.4656
17.900  0.0067
17.910  0.4915
17.920  1.0349
17.930  1.0314
17.940  0.3983
17.950  -0.0606
17.960  -0.3639
17.970  -0.8402
17.980  -1.1943
17.990  -0.7638
18.000  0.2612
18.010  0.7577
18.020  0.7469
18.030  0.8014
18.040  0.7151
18.050  0.1296
18.060  -0.7047
18.070  -0.9876
18.080  -0.8350
18.090  -0.6614
18.100  -0.1109
18.110  0.7021
18.120  1.1260
18.130  0.8093
18.140  0.3350
18.150  0.1694
18.160  -0.3296
18.170  -1.0745
18.180  -1.1992
18.190  -0.5288
18.200  0.2367
18.210  0.5259
18.220  0.8006
18.230  1.0265
18.240  0.6332
18.250  -0.0852
18.260  -0.5957
18.270  -0.7865
18.280  -0.9692
18.290  -0.8457
18.300  0.0464
18.310  0.8666
18.320  0.9480
18.330  0.6672
18.340  0.5309
18.350  0.2869
18.360  -0.5402
18.370  -1.1656
18.380  -0.9772
18.390  -0.4656
18.400  0.0067
18.410  0.4915
18.420  1.0349
18.430  1.0314
18.440  0.3983
18.450  -0.0606
18.460  -0.3639
18.470  -0.8402
18.480  -1.1943
18.490  -0.7638
18.500  0.2612
18.510  0.7577
18.520  0.7469
18.530  0.8014
18.540  0.7151
18.550  0.1296
18.560  -0.7047
18.570  -0.9876
18.580  -0.8350
18.590  -0.6614
18.600  -0.1109
18.610  0.7021
18.620  1.1260
18.630  0.8093
18.640  0.3350
18.650  0.1694
18.660  -0.3296
18.670  -1.0745
18.680  -1.1992
18.690  -0.5288
18.700  0.2367
18.710  0.5259
18.720  0.8006
18.730  1.0265
18.740  0.6332
18.750  -0.0852
18.760  -0.5957
18.770  -0.7865
18.780  -0.9692
18.790  -0.8457
18.800  0.0464
18.810  0.8666
18.820  0.9480
18.830  0.6672
18.840  0.5309
18.850  0.2869
18.860  -0.5402
18.870  -1.1656
18.880  -0.9772
18.890  -0.4656
18.900  0.0067
18.910  0.4915
18.920  1.0349
18.930  1.0314
18.940  0.3983
18.950  -0.0606
18.960  -0.3639
18.970  -0.8402
18.980  -1.1943
18.990  -0.7638
19.000  0.2612
19.010  0.7577
19.020  0.7469
19.030  0.8014
19.040  0.7151
19.050  0.1296
19.060  -0.7047
19.070  -0.9876
19.080  -0.8350
19.090  -0.6614
19.100  -0.1109
19.110  0.7021
19.120  1.1260
19.130  0.8093
19.140  0.3350
19.150  0.1694
19.160  -0.3296
19.170  -1.0745
19.180  -1.1992
19.190  -0.5288
19.200  0.2367
19.210  0.5259
19.220  0.8006
19.230  1.0265
19.240  0.6332
19.250  -0.0852
19.260  -0.5957
19.270  -0.7865
19.280  -0.9692
19.290  -0.8457
19.300  0.0464
19.310  0.8666
19.320  0.9480
19.330  0.6672
19.340  0.5309
19.350  0.2869
19.360  -0.5402
19.370  -1.1656
19.380  -0.9772
19.390  -0.4656
19.400  0.0067
19.410  0.4915
19.420  1.0349
19.430  1.0314
19.440  0.3983
19.450  -0.0606
19.460  -0.3639
19.470  -0.8402
19.480  -1.1943
19.490  -0.7638
19.500  0.2612
19.510  0.7577
19.520  0.7469
19.530  0.8014
19.540  0.7151
19.550  0.1296
19.560  -0.7047
19.570  -0.9876
19.580  -0.8350
19.590  -0.6614
19.600  -0.1109
19.610  0.7021
19.620  1.1260
19.630  0.8093
19.640  0.3350
19.650  0.1694
19.660  -0.3296
19.670  -1.0745
19.680  -1.1992
19.690  -0.5288
19.700  0.2367
19.710  0.5259
19.720  0.8006
19.730  1.0265
19.740  0.6332
19.750  -0.0852
19.760  -0.5957
19.770  -0.7865
19.780  -0.9692
19.790  -0.8457
19.800  0.0464
19.810  0.8666
19.820  0.9480
19.830  0.6672
19.840  0.5309
19.850  0.2869
19.860  -0.5402
19.870  -1.1656
19.880  -0.9772
19.890  -0.4656
19.900  0.0067
19.910  0.4915
19.920  1.0349
19.930  1.0314
19.940  0.3983
19.950  -0.0606
19.960  -0.3639
19.970  -0.8402
19.980  -1.1943
19.990  -0.7638
